50002106,5/23/15,Violations were cited in the following area(s).,15S,Flavored tobacco products sold or offered for sale.,Not Critical,19,A,11/12/14,6/6/16,Smoke-Free Air Act / Re-inspection
41639229,4/3/15,Violations were cited in the following area(s).,04L,Evidence of mice or live mice present in facility's food and/or non-food areas.,Critical,11,A,4/3/15,6/6/16,Cycle Inspection / Initial Inspection
50000477,6/4/13,Violations were cited in the following area(s).,10B,Plumbing not properly installed or maintained; anti-siphonage or backflow prevention device not provided where required; equipment or floor not properly drained; sewage disposal system in disrepair or not functioning properly.,Not Critical,2,A,6/4/13,6/6/16,Pre-permit (Operational) / Initial Inspection
40566783,8/20/14,Violations were cited in the following area(s).,04N,"Filth flies or food/refuse/sewage-associated (FRSA) flies present in facilitys food and/or non-food areas. Filth flies include house flies, little house flies, blow flies, bottle flies and flesh flies. Food/refuse/sewage-associated flies include fruit flies, drain flies and Phorid flies.",Critical,51,A,2/21/14,6/6/16,Cycle Inspection / Initial Inspection
50016036,1/29/15,Violations were cited in the following area(s).,02B,Hot food item not held at or above 140_ F.,Critical,18,B,1/29/15,6/6/16,Pre-permit (Operational) / Re-inspection
41376704,1/16/14,Violations were cited in the following area(s).,04L,Evidence of mice or live mice present in facility's food and/or non-food areas.,Critical,19,A,4/9/14,6/6/16,Cycle Inspection / Initial Inspection
41148666,7/5/13,Violations were cited in the following area(s).,02G,Cold food item held above 41_ F (smoked fish and reduced oxygen packaged foods above 38 ) except during necessary preparation.,Critical,17,,,6/6/16,Cycle Inspection / Initial Inspection
40933931,7/1/14,Violations were cited in the following area(s).,09C,Food contact surface not properly maintained.,Not Critical,9,A,7/1/14,6/6/16,Cycle Inspection / Re-inspection
41017839,6/5/13,Violations were cited in the following area(s).,16F,"Specific caloric content or range thereof not posted on menus, menu boards or food tags for each menu item offered as a combination meal with multiple options that are listed as single items.",Not Critical,27,,,6/6/16,Calorie Posting / Re-inspection
41184581,5/31/16,Violations were cited in the following area(s).,02G,Cold food item held above 41_ F (smoked fish and reduced oxygen packaged foods above 38 ) except during necessary preparation.,Critical,21,B,8/1/14,6/6/16,Cycle Inspection / Initial Inspection
41362043,8/12/13,Violations were cited in the following area(s).,04L,Evidence of mice or live mice present in facility's food and/or non-food areas.,Critical,23,A,5/9/13,6/6/16,Cycle Inspection / Initial Inspection
41700186,3/11/14,Violations were cited in the following area(s).,10I,"Single service item reused, improperly stored, dispensed; not used when required.",Not Critical,15,B,3/11/14,6/6/16,Cycle Inspection / Re-inspection
41461341,3/26/13,Violations were cited in the following area(s).,10B,Plumbing not properly installed or maintained; anti-siphonage or backflow prevention device not provided where required; equipment or floor not properly drained; sewage disposal system in disrepair or not functioning properly.,Not Critical,23,,,6/6/16,Cycle Inspection / Initial Inspection
41679879,3/31/14,Violations were cited in the following area(s).,02G,Cold food item held above 41_ F (smoked fish and reduced oxygen packaged foods above 38 ) except during necessary preparation.,Critical,9,A,3/31/14,6/6/16,Cycle Inspection / Initial Inspection
40604442,6/18/14,Violations were cited in the following area(s).,08C,Pesticide use not in accordance with label or applicable laws. Prohibited chemical used/stored. Open bait station used.,Not Critical,4,A,6/18/14,6/6/16,Cycle Inspection / Initial Inspection
41630103,12/5/13,Violations were cited in the following area(s).,04L,Evidence of mice or live mice present in facility's food and/or non-food areas.,Critical,13,A,12/5/13,6/6/16,Cycle Inspection / Initial Inspection
41568372,4/30/14,Violations were cited in the following area(s).,02H,"Food not cooled by an approved method whereby the internal product temperature is reduced from 140_ F to 70_ F or less within 2 hours, and from 70_ F to 41_ F or less within 4 additional hours.",Critical,27,B,3/9/16,6/6/16,Cycle Inspection / Initial Inspection
41459932,3/20/13,Violations were cited in the following area(s).,04L,Evidence of mice or live mice present in facility's food and/or non-food areas.,Critical,30,C,3/20/13,6/6/16,Cycle Inspection / Re-inspection
50001607,1/7/16,Violations were cited in the following area(s).,02G,Cold food item held above 41_ F (smoked fish and reduced oxygen packaged foods above 38 ) except during necessary preparation.,Critical,18,,,6/6/16,Cycle Inspection / Initial Inspection
41555685,5/15/14,Violations were cited in the following area(s).,04L,Evidence of mice or live mice present in facility's food and/or non-food areas.,Critical,15,C,8/30/13,6/6/16,Cycle Inspection / Initial Inspection
41601373,4/14/15,Violations were cited in the following area(s).,06E,"Sanitized equipment or utensil, including in-use food dispensing utensil, improperly used or stored.",Critical,27,B,4/14/15,6/6/16,Cycle Inspection / Re-inspection
41694258,5/13/15,Establishment Closed by DOHMH.  Violations were cited in the following area(s) and those requiring immediate action were addressed.,05A,Sewage disposal system improper or unapproved.,Critical,45,,,6/6/16,Cycle Inspection / Initial Inspection
40382421,1/30/15,Violations were cited in the following area(s).,06C,"Food not protected from potential source of contamination during storage, preparation, transportation, display or service.",Critical,7,A,1/30/15,6/6/16,Cycle Inspection / Initial Inspection
41650194,6/20/13,Violations were cited in the following area(s).,10F,"Non-food contact surface improperly constructed. Unacceptable material used. Non-food contact surface or equipment improperly maintained and/or not properly sealed, raised, spaced or movable to allow accessibility for cleaning on all sides, above and underneath the unit.",Not Critical,9,A,6/20/13,6/6/16,Cycle Inspection / Initial Inspection
40392927,10/5/13,Violations were cited in the following area(s).,06B,"Tobacco use, eating, or drinking from open container in food preparation, food storage or dishwashing area observed.",Critical,38,,,6/6/16,Cycle Inspection / Initial Inspection
41690590,2/12/14,Violations were cited in the following area(s).,08A,Facility not vermin proof. Harborage or conditions conducive to attracting vermin to the premises and/or allowing vermin to exist.,Not Critical,17,A,6/26/14,6/6/16,Cycle Inspection / Initial Inspection
40394762,2/26/16,Violations were cited in the following area(s).,04O,Live animals other than fish in tank or service animal present in facility's food and/or non-food areas.,Critical,20,,,6/6/16,Cycle Inspection / Initial Inspection
41127492,6/26/15,Violations were cited in the following area(s).,04J,"Appropriately scaled metal stem-type thermometer or thermocouple not provided or used to evaluate temperatures of potentially hazardous foods during cooking, cooling, reheating and holding.",Critical,25,A,3/16/15,6/6/16,Cycle Inspection / Initial Inspection
40510647,7/25/13,Violations were cited in the following area(s).,08B,"Covered garbage receptacle not provided or inadequate, except that garbage receptacle may be uncovered during active use. Garbage storage area not properly constructed or maintained; grinder or compactor dirty.",Not Critical,23,A,11/1/13,6/6/16,Cycle Inspection / Initial Inspection
41213268,9/22/15,Violations were cited in the following area(s).,16B,"The original nutritional fact labels and/or ingredient label for a cooking oil, shortening or margarine or food item sold in bulk, or acceptable manufacturers documentation not maintained on site.",Not Critical,37,,,6/6/16,Trans Fat / Re-inspection
40573444,2/25/15,Violations were cited in the following area(s).,02H,"Food not cooled by an approved method whereby the internal product temperature is reduced from 140_ F to 70_ F or less within 2 hours, and from 70_ F to 41_ F or less within 4 additional hours.",Critical,21,,,6/6/16,Cycle Inspection / Initial Inspection
41636558,11/9/15,Violations were cited in the following area(s).,02B,Hot food item not held at or above 140_ F.,Critical,11,A,11/9/15,6/6/16,Cycle Inspection / Re-inspection
50037728,3/22/16,Violations were cited in the following area(s).,04L,Evidence of mice or live mice present in facility's food and/or non-food areas.,Critical,17,,,6/6/16,Cycle Inspection / Initial Inspection
40401841,10/11/13,Violations were cited in the following area(s).,04L,Evidence of mice or live mice present in facility's food and/or non-food areas.,Critical,17,,,6/6/16,Cycle Inspection / Initial Inspection
40717261,12/12/14,Violations were cited in the following area(s).,04N,"Filth flies or food/refuse/sewage-associated (FRSA) flies present in facilitys food and/or non-food areas. Filth flies include house flies, little house flies, blow flies, bottle flies and flesh flies. Food/refuse/sewage-associated flies include fruit flies, drain flies and Phorid flies.",Critical,13,A,12/12/14,6/6/16,Cycle Inspection / Re-inspection
41331535,5/16/13,Violations were cited in the following area(s).,04L,Evidence of mice or live mice present in facility's food and/or non-food areas.,Critical,26,A,5/29/13,6/6/16,Cycle Inspection / Initial Inspection
50035904,5/20/15,Violations were cited in the following area(s).,06C,"Food not protected from potential source of contamination during storage, preparation, transportation, display or service.",Critical,14,A,11/25/13,6/6/16,Pre-permit (Operational) / Initial Inspection
41106644,12/28/15,Violations were cited in the following area(s).,06D,"Food contact surface not properly washed, rinsed and sanitized after each use and following any activity when contamination may have occurred.",Critical,7,A,12/28/15,6/6/16,Cycle Inspection / Initial Inspection
41694159,5/6/15,Violations were cited in the following area(s).,08A,Facility not vermin proof. Harborage or conditions conducive to attracting vermin to the premises and/or allowing vermin to exist.,Not Critical,31,,,6/6/16,Cycle Inspection / Compliance Inspection
50000020,3/23/15,Violations were cited in the following area(s).,10F,"Non-food contact surface improperly constructed. Unacceptable material used. Non-food contact surface or equipment improperly maintained and/or not properly sealed, raised, spaced or movable to allow accessibility for cleaning on all sides, above and underneath the unit.",Not Critical,13,A,3/23/15,6/6/16,Cycle Inspection / Re-inspection
50043777,1/11/16,Violations were cited in the following area(s).,10B,Plumbing not properly installed or maintained; anti-siphonage or backflow prevention device not provided where required; equipment or floor not properly drained; sewage disposal system in disrepair or not functioning properly.,Not Critical,31,A,4/7/15,6/6/16,Pre-permit (Operational) / Initial Inspection
50035269,5/18/15,Violations were cited in the following area(s).,06C,"Food not protected from potential source of contamination during storage, preparation, transportation, display or service.",Critical,10,A,5/18/15,6/6/16,Pre-permit (Operational) / Initial Inspection
41661089,4/27/16,Violations were cited in the following area(s).,10F,"Non-food contact surface improperly constructed. Unacceptable material used. Non-food contact surface or equipment improperly maintained and/or not properly sealed, raised, spaced or movable to allow accessibility for cleaning on all sides, above and underneath the unit.",Not Critical,2,A,4/27/16,6/6/16,Cycle Inspection / Initial Inspection
50006795,2/26/14,Violations were cited in the following area(s).,20D,"Choking first aid poster not posted. Alcohol and pregnancy warning sign not posted. Resuscitation equipment: exhaled air resuscitation masks (adult & pediatric), latex gloves, sign not posted. Inspection report sign not posted.",Not Critical,27,A,8/10/13,6/6/16,Administrative Miscellaneous / Initial Inspection
41348054,8/7/14,Violations were cited in the following area(s).,10F,"Non-food contact surface improperly constructed. Unacceptable material used. Non-food contact surface or equipment improperly maintained and/or not properly sealed, raised, spaced or movable to allow accessibility for cleaning on all sides, above and underneath the unit.",Not Critical,2,A,8/7/14,6/6/16,Cycle Inspection / Initial Inspection
41656750,4/23/15,Violations were cited in the following area(s).,06E,"Sanitized equipment or utensil, including in-use food dispensing utensil, improperly used or stored.",Critical,10,A,4/23/15,6/6/16,Cycle Inspection / Initial Inspection
50039330,10/13/15,Violations were cited in the following area(s).,08C,Pesticide use not in accordance with label or applicable laws. Prohibited chemical used/stored. Open bait station used.,Not Critical,19,,,6/6/16,Pre-permit (Operational) / Initial Inspection
50000885,2/9/15,Violations were cited in the following area(s).,08A,Facility not vermin proof. Harborage or conditions conducive to attracting vermin to the premises and/or allowing vermin to exist.,Not Critical,20,B,2/9/15,6/6/16,Cycle Inspection / Re-inspection
41508177,6/7/13,Violations were cited in the following area(s).,10B,Plumbing not properly installed or maintained; anti-siphonage or backflow prevention device not provided where required; equipment or floor not properly drained; sewage disposal system in disrepair or not functioning properly.,Not Critical,11,A,6/7/13,6/6/16,Cycle Inspection / Re-inspection
50004143,9/25/14,Violations were cited in the following area(s).,10I,"Single service item reused, improperly stored, dispensed; not used when required.",Not Critical,12,A,9/25/14,6/6/16,Cycle Inspection / Re-inspection
50007942,11/7/15,Violations were cited in the following area(s).,15L,"Smoke free workplace smoking policy inadequate, not posted, not provided to employees.",Not Critical,27,A,7/11/13,6/6/16,Smoke-Free Air Act / Initial Inspection
50018064,6/22/15,Violations were cited in the following area(s).,04M,Live roaches present in facility's food and/or non-food areas.,Critical,14,B,1/23/15,6/6/16,Cycle Inspection / Initial Inspection
50013327,8/21/15,Violations were cited in the following area(s).,10B,Plumbing not properly installed or maintained; anti-siphonage or backflow prevention device not provided where required; equipment or floor not properly drained; sewage disposal system in disrepair or not functioning properly.,Not Critical,8,A,8/21/15,6/6/16,Cycle Inspection / Re-inspection
41335813,7/17/13,Violations were cited in the following area(s).,15L,"Smoke free workplace smoking policy inadequate, not posted, not provided to employees.",Not Critical,3,C,4/11/13,6/6/16,Smoke-Free Air Act / Initial Inspection
41330933,11/16/15,No violations were recorded at the time of this inspection.,02G,Cold food item held above 41_ F (smoked fish and reduced oxygen packaged foods above 38 ) except during necessary preparation.,Not Applicable,27,B,7/12/13,6/6/16,Administrative Miscellaneous / Initial Inspection
41708979,3/4/15,Violations were cited in the following area(s).,10F,"Non-food contact surface improperly constructed. Unacceptable material used. Non-food contact surface or equipment improperly maintained and/or not properly sealed, raised, spaced or movable to allow accessibility for cleaning on all sides, above and underneath the unit.",Not Critical,35,,,6/6/16,Cycle Inspection / Initial Inspection
40892468,4/10/14,Violations were cited in the following area(s).,10F,"Non-food contact surface improperly constructed. Unacceptable material used. Non-food contact surface or equipment improperly maintained and/or not properly sealed, raised, spaced or movable to allow accessibility for cleaning on all sides, above and underneath the unit.",Not Critical,14,,,6/6/16,Cycle Inspection / Initial Inspection
41644539,7/25/13,Violations were cited in the following area(s).,04A,Food Protection Certificate not held by supervisor of food operations.,Critical,26,B,7/25/13,6/6/16,Cycle Inspection / Re-inspection
50033079,11/18/15,Violations were cited in the following area(s).,08A,Facility not vermin proof. Harborage or conditions conducive to attracting vermin to the premises and/or allowing vermin to exist.,Not Critical,10,A,11/18/15,6/6/16,Cycle Inspection / Re-inspection
41537422,3/29/16,Violations were cited in the following area(s).,06C,"Food not protected from potential source of contamination during storage, preparation, transportation, display or service.",Critical,12,A,3/29/16,6/6/16,Cycle Inspection / Initial Inspection
41096100,10/19/13,Violations were cited in the following area(s).,06C,"Food not protected from potential source of contamination during storage, preparation, transportation, display or service.",Critical,24,A,6/16/14,6/6/16,Cycle Inspection / Initial Inspection
41326189,11/10/15,Violations were cited in the following area(s).,02G,Cold food item held above 41_ F (smoked fish and reduced oxygen packaged foods above 38 ) except during necessary preparation.,Critical,21,B,11/10/15,6/6/16,Cycle Inspection / Re-inspection
50010830,4/8/15,Violations were cited in the following area(s).,06D,"Food contact surface not properly washed, rinsed and sanitized after each use and following any activity when contamination may have occurred.",Critical,7,A,4/8/15,6/6/16,Cycle Inspection / Initial Inspection
40539661,2/13/13,Violations were cited in the following area(s).,04L,Evidence of mice or live mice present in facility's food and/or non-food areas.,Critical,9,A,2/13/13,6/6/16,Cycle Inspection / Initial Inspection
41444291,6/10/14,Violations were cited in the following area(s).,02G,Cold food item held above 41_ F (smoked fish and reduced oxygen packaged foods above 38 ) except during necessary preparation.,Critical,9,A,6/10/14,6/6/16,Cycle Inspection / Initial Inspection
41311804,9/8/15,Violations were cited in the following area(s).,02G,Cold food item held above 41_ F (smoked fish and reduced oxygen packaged foods above 38 ) except during necessary preparation.,Critical,22,B,9/8/15,6/6/16,Cycle Inspection / Re-inspection
50002380,4/27/16,Violations were cited in the following area(s).,06C,"Food not protected from potential source of contamination during storage, preparation, transportation, display or service.",Critical,23,,,6/6/16,Cycle Inspection / Initial Inspection
41504429,12/13/12,Violations were cited in the following area(s).,06F,Wiping cloths soiled or not stored in sanitizing solution.,Critical,28,,,6/6/16,Cycle Inspection / Initial Inspection
50015183,11/26/14,No violations were recorded at the time of this inspection.,02G,Cold food item held above 41_ F (smoked fish and reduced oxygen packaged foods above 38 ) except during necessary preparation.,Not Applicable,12,A,11/9/13,6/6/16,Administrative Miscellaneous / Initial Inspection
40554360,5/14/14,Violations were cited in the following area(s).,15L,"Smoke free workplace smoking policy inadequate, not posted, not provided to employees.",Not Critical,22,A,5/5/14,6/6/16,Smoke-Free Air Act / Initial Inspection
50017922,2/27/15,Violations were cited in the following area(s).,06F,Wiping cloths soiled or not stored in sanitizing solution.,Critical,20,B,2/27/15,6/6/16,Pre-permit (Operational) / Re-inspection
41665912,6/30/15,Violations were cited in the following area(s).,02B,Hot food item not held at or above 140_ F.,Critical,50,,,6/6/16,Cycle Inspection / Initial Inspection
41389314,11/17/14,Violations were cited in the following area(s).,02B,Hot food item not held at or above 140_ F.,Critical,9,A,11/17/14,6/6/16,Cycle Inspection / Re-inspection
41226387,3/17/15,Violations were cited in the following area(s).,04N,"Filth flies or food/refuse/sewage-associated (FRSA) flies present in facilitys food and/or non-food areas. Filth flies include house flies, little house flies, blow flies, bottle flies and flesh flies. Food/refuse/sewage-associated flies include fruit flies, drain flies and Phorid flies.",Critical,13,A,3/17/15,6/6/16,Cycle Inspection / Re-inspection
41201169,6/23/15,Violations were cited in the following area(s).,04M,Live roaches present in facility's food and/or non-food areas.,Critical,13,A,3/15/16,6/6/16,Cycle Inspection / Initial Inspection
50006041,6/3/15,Violations were cited in the following area(s).,06A,Personal cleanliness inadequate. Outer garment soiled with possible contaminant.  Effective hair restraint not worn in an area where food is prepared.,Critical,30,A,12/11/14,6/6/16,Cycle Inspection / Initial Inspection
41702710,2/17/15,Violations were cited in the following area(s).,02B,Hot food item not held at or above 140_ F.,Critical,20,B,2/17/15,6/6/16,Cycle Inspection / Re-inspection
40566764,7/1/15,Violations were cited in the following area(s).,02G,Cold food item held above 41_ F (smoked fish and reduced oxygen packaged foods above 38 ) except during necessary preparation.,Critical,10,A,7/1/15,6/6/16,Cycle Inspection / Re-inspection
50005527,4/18/14,Violations were cited in the following area(s).,16B,"The original nutritional fact labels and/or ingredient label for a cooking oil, shortening or margarine or food item sold in bulk, or acceptable manufacturers documentation not maintained on site.",Not Critical,,,,6/6/16,Trans Fat / Initial Inspection
50003778,4/21/15,Violations were cited in the following area(s).,02G,Cold food item held above 41_ F (smoked fish and reduced oxygen packaged foods above 38 ) except during necessary preparation.,Critical,15,A,1/6/14,6/6/16,Cycle Inspection / Initial Inspection
50034789,7/29/15,Violations were cited in the following area(s).,02B,Hot food item not held at or above 140_ F.,Critical,33,,,6/6/16,Cycle Inspection / Initial Inspection
40936721,4/29/13,Violations were cited in the following area(s).,10F,"Non-food contact surface improperly constructed. Unacceptable material used. Non-food contact surface or equipment improperly maintained and/or not properly sealed, raised, spaced or movable to allow accessibility for cleaning on all sides, above and underneath the unit.",Not Critical,11,A,4/29/13,6/6/16,Cycle Inspection / Re-inspection
50004608,8/22/15,Violations were cited in the following area(s).,04N,"Filth flies or food/refuse/sewage-associated (FRSA) flies present in facilitys food and/or non-food areas. Filth flies include house flies, little house flies, blow flies, bottle flies and flesh flies. Food/refuse/sewage-associated flies include fruit flies, drain flies and Phorid flies.",Critical,11,A,8/22/15,6/6/16,Cycle Inspection / Re-inspection
41670338,12/6/13,Violations were cited in the following area(s).,06D,"Food contact surface not properly washed, rinsed and sanitized after each use and following any activity when contamination may have occurred.",Critical,12,A,12/6/13,6/6/16,Cycle Inspection / Re-inspection
41268000,4/3/15,Violations were cited in the following area(s).,10F,"Non-food contact surface improperly constructed. Unacceptable material used. Non-food contact surface or equipment improperly maintained and/or not properly sealed, raised, spaced or movable to allow accessibility for cleaning on all sides, above and underneath the unit.",Not Critical,7,A,4/3/15,6/6/16,Cycle Inspection / Re-inspection
40390409,1/11/13,Violations were cited in the following area(s).,06F,Wiping cloths soiled or not stored in sanitizing solution.,Critical,10,,,6/6/16,Cycle Inspection / Initial Inspection
41488532,10/24/13,Violations were cited in the following area(s).,10F,"Non-food contact surface improperly constructed. Unacceptable material used. Non-food contact surface or equipment improperly maintained and/or not properly sealed, raised, spaced or movable to allow accessibility for cleaning on all sides, above and underneath the unit.",Not Critical,7,A,10/24/13,6/6/16,Cycle Inspection / Re-inspection
40375972,10/26/15,Violations were cited in the following area(s).,06C,"Food not protected from potential source of contamination during storage, preparation, transportation, display or service.",Critical,13,A,10/26/15,6/6/16,Cycle Inspection / Initial Inspection
41513747,7/5/13,Violations were cited in the following area(s).,10F,"Non-food contact surface improperly constructed. Unacceptable material used. Non-food contact surface or equipment improperly maintained and/or not properly sealed, raised, spaced or movable to allow accessibility for cleaning on all sides, above and underneath the unit.",Not Critical,12,A,7/5/13,6/6/16,Cycle Inspection / Initial Inspection
40385555,2/22/13,Violations were cited in the following area(s).,10E,Accurate thermometer not provided in refrigerated or hot holding equipment.,Not Critical,42,A,9/20/14,6/6/16,Cycle Inspection / Initial Inspection
40568460,6/18/13,Violations were cited in the following area(s).,10F,"Non-food contact surface improperly constructed. Unacceptable material used. Non-food contact surface or equipment improperly maintained and/or not properly sealed, raised, spaced or movable to allow accessibility for cleaning on all sides, above and underneath the unit.",Not Critical,23,,,6/6/16,Cycle Inspection / Initial Inspection
40936803,2/10/14,Violations were cited in the following area(s).,04N,"Filth flies or food/refuse/sewage-associated (FRSA) flies present in facilitys food and/or non-food areas. Filth flies include house flies, little house flies, blow flies, bottle flies and flesh flies. Food/refuse/sewage-associated flies include fruit flies, drain flies and Phorid flies.",Critical,20,B,8/13/15,6/6/16,Cycle Inspection / Initial Inspection
50006208,1/20/15,Violations were cited in the following area(s).,04L,Evidence of mice or live mice present in facility's food and/or non-food areas.,Critical,26,C,8/16/13,6/6/16,Cycle Inspection / Initial Inspection
41098211,3/2/16,Violations were cited in the following area(s).,04L,Evidence of mice or live mice present in facility's food and/or non-food areas.,Critical,25,,,6/6/16,Cycle Inspection / Initial Inspection
41715918,11/6/14,Violations were cited in the following area(s).,04M,Live roaches present in facility's food and/or non-food areas.,Critical,20,B,11/6/14,6/6/16,Cycle Inspection / Re-inspection
50010977,5/24/14,Violations were cited in the following area(s).,06A,Personal cleanliness inadequate. Outer garment soiled with possible contaminant.  Effective hair restraint not worn in an area where food is prepared.,Critical,24,A,5/8/14,6/6/16,Pre-permit (Operational) / Initial Inspection
40947943,8/17/15,Violations were cited in the following area(s).,04K,Evidence of rats or live rats present in facility's food and/or non-food areas.,Critical,21,,,6/6/16,Cycle Inspection / Initial Inspection
40993070,12/29/15,Violations were cited in the following area(s).,10F,"Non-food contact surface improperly constructed. Unacceptable material used. Non-food contact surface or equipment improperly maintained and/or not properly sealed, raised, spaced or movable to allow accessibility for cleaning on all sides, above and underneath the unit.",Not Critical,3,B,1/5/16,6/6/16,Cycle Inspection / Compliance Inspection
50034176,6/25/15,Violations were cited in the following area(s).,08A,Facility not vermin proof. Harborage or conditions conducive to attracting vermin to the premises and/or allowing vermin to exist.,Not Critical,10,A,6/25/15,6/6/16,Cycle Inspection / Initial Inspection
41649614,10/20/14,Violations were cited in the following area(s).,10F,"Non-food contact surface improperly constructed. Unacceptable material used. Non-food contact surface or equipment improperly maintained and/or not properly sealed, raised, spaced or movable to allow accessibility for cleaning on all sides, above and underneath the unit.",Not Critical,7,A,10/20/14,6/6/16,Cycle Inspection / Re-inspection
50000821,6/7/13,No violations were recorded at the time of this inspection.,08A,Facility not vermin proof. Harborage or conditions conducive to attracting vermin to the premises and/or allowing vermin to exist.,Not Applicable,0,A,2/21/14,6/6/16,Pre-permit (Non-operational) / Initial Inspection
41334692,4/7/16,Violations were cited in the following area(s).,04A,Food Protection Certificate not held by supervisor of food operations.,Critical,12,A,4/7/16,6/6/16,Cycle Inspection / Re-inspection
40394650,5/27/15,Violations were cited in the following area(s).,10F,"Non-food contact surface improperly constructed. Unacceptable material used. Non-food contact surface or equipment improperly maintained and/or not properly sealed, raised, spaced or movable to allow accessibility for cleaning on all sides, above and underneath the unit.",Not Critical,7,A,5/27/15,6/6/16,Cycle Inspection / Initial Inspection
50048717,1/1/00,Violations were cited in the following area(s).,04L,Evidence of mice or live mice present in facility's food and/or non-food areas.,Not Applicable,22,,,6/6/16,Cycle Inspection / Initial Inspection
41504490,6/4/13,Violations were cited in the following area(s).,10H,Proper sanitization not provided for utensil ware washing operation.,Not Critical,12,A,6/4/13,6/6/16,Cycle Inspection / Initial Inspection
50039683,8/17/15,Violations were cited in the following area(s).,08A,Facility not vermin proof. Harborage or conditions conducive to attracting vermin to the premises and/or allowing vermin to exist.,Not Critical,18,B,8/17/15,6/6/16,Pre-permit (Operational) / Re-inspection
50008876,10/1/15,Violations were cited in the following area(s).,16B,"The original nutritional fact labels and/or ingredient label for a cooking oil, shortening or margarine or food item sold in bulk, or acceptable manufacturers documentation not maintained on site.",Not Critical,5,Not Yet Graded,,6/6/16,Trans Fat / Initial Inspection
50034621,9/23/15,Violations were cited in the following area(s).,02G,Cold food item held above 41_ F (smoked fish and reduced oxygen packaged foods above 38 ) except during necessary preparation.,Critical,22,B,4/25/16,6/6/16,Cycle Inspection / Initial Inspection
40365627,2/25/13,Violations were cited in the following area(s).,08A,Facility not vermin proof. Harborage or conditions conducive to attracting vermin to the premises and/or allowing vermin to exist.,Not Critical,20,A,10/31/13,6/6/16,Cycle Inspection / Initial Inspection
50002487,9/25/15,Violations were cited in the following area(s).,04M,Live roaches present in facility's food and/or non-food areas.,Critical,15,B,9/25/15,6/6/16,Cycle Inspection / Re-inspection
41426077,4/12/13,Establishment Closed by DOHMH.  Violations were cited in the following area(s) and those requiring immediate action were addressed.,06C,"Food not protected from potential source of contamination during storage, preparation, transportation, display or service.",Critical,66,B,5/2/16,6/6/16,Cycle Inspection / Initial Inspection
40806791,5/25/16,Violations were cited in the following area(s).,04N,"Filth flies or food/refuse/sewage-associated (FRSA) flies present in facilitys food and/or non-food areas. Filth flies include house flies, little house flies, blow flies, bottle flies and flesh flies. Food/refuse/sewage-associated flies include fruit flies, drain flies and Phorid flies.",Critical,19,A,6/16/14,6/6/16,Cycle Inspection / Initial Inspection
40799206,6/13/14,Establishment Closed by DOHMH.  Violations were cited in the following area(s) and those requiring immediate action were addressed.,04M,Live roaches present in facility's food and/or non-food areas.,Critical,38,A,10/31/15,6/6/16,Cycle Inspection / Initial Inspection
41704655,11/15/13,Violations were cited in the following area(s).,08A,Facility not vermin proof. Harborage or conditions conducive to attracting vermin to the premises and/or allowing vermin to exist.,Not Critical,28,A,3/25/13,6/6/16,Inter-Agency Task Force / Initial Inspection
50008497,2/3/16,Violations were cited in the following area(s).,02G,Cold food item held above 41_ F (smoked fish and reduced oxygen packaged foods above 38 ) except during necessary preparation.,Critical,10,A,2/3/16,6/6/16,Cycle Inspection / Re-inspection
41542520,4/28/14,Establishment Closed by DOHMH.  Violations were cited in the following area(s) and those requiring immediate action were addressed.,04L,Evidence of mice or live mice present in facility's food and/or non-food areas.,Critical,73,A,5/7/14,6/6/16,Cycle Inspection / Re-inspection
50003131,3/3/14,Violations were cited in the following area(s).,10E,Accurate thermometer not provided in refrigerated or hot holding equipment.,Not Critical,13,A,3/3/14,6/6/16,Cycle Inspection / Initial Inspection
50033311,7/21/15,Violations were cited in the following area(s).,06D,"Food contact surface not properly washed, rinsed and sanitized after each use and following any activity when contamination may have occurred.",Critical,20,B,7/21/15,6/6/16,Pre-permit (Operational) / Re-inspection
40929013,4/12/13,Violations were cited in the following area(s).,10F,"Non-food contact surface improperly constructed. Unacceptable material used. Non-food contact surface or equipment improperly maintained and/or not properly sealed, raised, spaced or movable to allow accessibility for cleaning on all sides, above and underneath the unit.",Not Critical,34,A,6/30/15,6/6/16,Cycle Inspection / Initial Inspection
40730597,11/15/12,Establishment re-opened by DOHMH,06C,"Food not protected from potential source of contamination during storage, preparation, transportation, display or service.",Critical,12,C,11/15/12,6/6/16,Cycle Inspection / Reopening Inspection
40994221,6/16/14,Violations were cited in the following area(s).,10B,Plumbing not properly installed or maintained; anti-siphonage or backflow prevention device not provided where required; equipment or floor not properly drained; sewage disposal system in disrepair or not functioning properly.,Not Critical,21,A,4/21/16,6/6/16,Cycle Inspection / Initial Inspection
40364518,6/12/14,Violations were cited in the following area(s).,04K,Evidence of rats or live rats present in facility's food and/or non-food areas.,Critical,16,,,6/6/16,Cycle Inspection / Initial Inspection
41148810,1/2/14,Violations were cited in the following area(s).,10F,"Non-food contact surface improperly constructed. Unacceptable material used. Non-food contact surface or equipment improperly maintained and/or not properly sealed, raised, spaced or movable to allow accessibility for cleaning on all sides, above and underneath the unit.",Not Critical,9,A,1/2/14,6/6/16,Cycle Inspection / Re-inspection
41254998,12/31/15,Violations were cited in the following area(s).,04N,"Filth flies or food/refuse/sewage-associated (FRSA) flies present in facilitys food and/or non-food areas. Filth flies include house flies, little house flies, blow flies, bottle flies and flesh flies. Food/refuse/sewage-associated flies include fruit flies, drain flies and Phorid flies.",Critical,22,,,6/6/16,Cycle Inspection / Initial Inspection
41429464,9/15/14,Violations were cited in the following area(s).,04H,"Raw, cooked or prepared food is adulterated, contaminated, cross-contaminated, or not discarded in accordance with HACCP plan.",Critical,9,A,9/15/14,6/6/16,Cycle Inspection / Initial Inspection
41014480,2/28/14,Violations were cited in the following area(s).,15L,"Smoke free workplace smoking policy inadequate, not posted, not provided to employees.",Not Critical,19,,,6/6/16,Smoke-Free Air Act / Initial Inspection
50001670,4/15/15,Violations were cited in the following area(s).,06D,"Food contact surface not properly washed, rinsed and sanitized after each use and following any activity when contamination may have occurred.",Critical,12,A,4/15/15,6/6/16,Cycle Inspection / Re-inspection
50017092,11/17/15,Violations were cited in the following area(s).,08A,Facility not vermin proof. Harborage or conditions conducive to attracting vermin to the premises and/or allowing vermin to exist.,Not Critical,10,Z,10/21/15,6/6/16,Cycle Inspection / Compliance Inspection
40756403,7/16/15,Violations were cited in the following area(s).,06D,"Food contact surface not properly washed, rinsed and sanitized after each use and following any activity when contamination may have occurred.",Critical,27,A,4/25/14,6/6/16,Cycle Inspection / Initial Inspection
41628429,3/9/16,Violations were cited in the following area(s).,02G,Cold food item held above 41_ F (smoked fish and reduced oxygen packaged foods above 38 ) except during necessary preparation.,Critical,26,B,3/9/16,6/6/16,Cycle Inspection / Re-inspection
41626598,11/19/14,Violations were cited in the following area(s).,10D,"Mechanical or natural ventilation system not provided, improperly installed, in disrepair and/or fails to prevent excessive build-up of grease, heat, steam condensation vapors, odors, smoke, and fumes.",Not Critical,20,B,11/19/14,6/6/16,Cycle Inspection / Re-inspection
41662070,6/18/14,Violations were cited in the following area(s).,15L,"Smoke free workplace smoking policy inadequate, not posted, not provided to employees.",Not Critical,13,A,4/29/16,6/6/16,Smoke-Free Air Act / Initial Inspection
40376735,2/18/14,Violations were cited in the following area(s).,08A,Facility not vermin proof. Harborage or conditions conducive to attracting vermin to the premises and/or allowing vermin to exist.,Not Critical,18,,,6/6/16,Cycle Inspection / Initial Inspection
41717188,6/14/14,Violations were cited in the following area(s).,02G,Cold food item held above 41_ F (smoked fish and reduced oxygen packaged foods above 38 ) except during necessary preparation.,Critical,27,,,6/6/16,Cycle Inspection / Initial Inspection
50005627,10/15/14,Violations were cited in the following area(s).,04N,"Filth flies or food/refuse/sewage-associated (FRSA) flies present in facilitys food and/or non-food areas. Filth flies include house flies, little house flies, blow flies, bottle flies and flesh flies. Food/refuse/sewage-associated flies include fruit flies, drain flies and Phorid flies.",Critical,49,,,6/6/16,Cycle Inspection / Initial Inspection
40569448,10/1/14,Violations were cited in the following area(s).,08A,Facility not vermin proof. Harborage or conditions conducive to attracting vermin to the premises and/or allowing vermin to exist.,Not Critical,16,B,10/1/14,6/6/16,Cycle Inspection / Re-inspection
41136253,5/28/16,Violations were cited in the following area(s).,15I,''''No Smoking and/or 'Smoking Permitted sign not conspicuously posted. Health warning not present on 'Smoking Permitted,Not Critical,5,A,6/27/15,6/6/16,Smoke-Free Air Act / Initial Inspection
50045301,1/1/00,Violations were cited in the following area(s).,15J,Ashtray present in smoke-free area.,Not Applicable,33,C,11/4/13,6/6/16,Smoke-Free Air Act / Initial Inspection
50005138,3/29/16,Violations were cited in the following area(s).,18F,Permit not conspicuously displayed.,Not Critical,23,A,5/10/14,6/6/16,Administrative Miscellaneous / Initial Inspection
50012418,10/18/14,Violations were cited in the following area(s).,04H,"Raw, cooked or prepared food is adulterated, contaminated, cross-contaminated, or not discarded in accordance with HACCP plan.",Critical,13,A,10/18/14,6/6/16,Pre-permit (Operational) / Initial Inspection
41089703,1/8/14,Violations were cited in the following area(s).,04L,Evidence of mice or live mice present in facility's food and/or non-food areas.,Critical,10,A,1/8/14,6/6/16,Cycle Inspection / Re-inspection
41480423,12/9/13,Violations were cited in the following area(s).,22C,"Bulb not shielded or shatterproof, in areas where there is extreme heat, temperature changes, or where accidental contact may occur.",Not Critical,13,A,5/29/13,6/6/16,Administrative Miscellaneous / Initial Inspection
50017150,8/3/15,Violations were cited in the following area(s).,10F,"Non-food contact surface improperly constructed. Unacceptable material used. Non-food contact surface or equipment improperly maintained and/or not properly sealed, raised, spaced or movable to allow accessibility for cleaning on all sides, above and underneath the unit.",Not Critical,22,A,4/17/13,6/6/16,Cycle Inspection / Initial Inspection
41579398,1/10/13,Violations were cited in the following area(s).,04L,Evidence of mice or live mice present in facility's food and/or non-food areas.,Critical,27,A,1/13/15,6/6/16,Cycle Inspection / Initial Inspection
41493727,12/31/14,Violations were cited in the following area(s).,10F,"Non-food contact surface improperly constructed. Unacceptable material used. Non-food contact surface or equipment improperly maintained and/or not properly sealed, raised, spaced or movable to allow accessibility for cleaning on all sides, above and underneath the unit.",Not Critical,3,A,12/31/14,6/6/16,Cycle Inspection / Re-inspection
40633995,3/24/15,Violations were cited in the following area(s).,06D,"Food contact surface not properly washed, rinsed and sanitized after each use and following any activity when contamination may have occurred.",Critical,7,A,3/24/15,6/6/16,Cycle Inspection / Initial Inspection
40578773,3/25/15,Violations were cited in the following area(s).,10H,Proper sanitization not provided for utensil ware washing operation.,Not Critical,35,C,3/25/15,6/6/16,Cycle Inspection / Re-inspection
41600476,8/20/14,Establishment Closed by DOHMH.  Violations were cited in the following area(s) and those requiring immediate action were addressed.,08A,Facility not vermin proof. Harborage or conditions conducive to attracting vermin to the premises and/or allowing vermin to exist.,Not Critical,72,A,4/27/16,6/6/16,Cycle Inspection / Re-inspection
41372275,5/10/14,Violations were cited in the following area(s).,02G,Cold food item held above 41_ F (smoked fish and reduced oxygen packaged foods above 38 ) except during necessary preparation.,Critical,9,A,5/10/14,6/6/16,Cycle Inspection / Initial Inspection
41615257,2/6/13,Violations were cited in the following area(s).,06D,"Food contact surface not properly washed, rinsed and sanitized after each use and following any activity when contamination may have occurred.",Critical,38,A,4/16/14,6/6/16,Cycle Inspection / Initial Inspection
40581917,10/8/13,Violations were cited in the following area(s).,10D,"Mechanical or natural ventilation system not provided, improperly installed, in disrepair and/or fails to prevent excessive build-up of grease, heat, steam condensation vapors, odors, smoke, and fumes.",Not Critical,15,A,5/8/14,6/6/16,Cycle Inspection / Initial Inspection
41720066,2/5/16,Violations were cited in the following area(s).,08A,Facility not vermin proof. Harborage or conditions conducive to attracting vermin to the premises and/or allowing vermin to exist.,Not Critical,12,A,2/5/16,6/6/16,Cycle Inspection / Initial Inspection
50007940,3/18/16,Violations were cited in the following area(s).,10B,Plumbing not properly installed or maintained; anti-siphonage or backflow prevention device not provided where required; equipment or floor not properly drained; sewage disposal system in disrepair or not functioning properly.,Not Critical,13,A,3/18/16,6/6/16,Cycle Inspection / Initial Inspection
41713374,2/21/13,Violations were cited in the following area(s).,20D,"Choking first aid poster not posted. Alcohol and pregnancy warning sign not posted. Resuscitation equipment: exhaled air resuscitation masks (adult & pediatric), latex gloves, sign not posted. Inspection report sign not posted.",Not Critical,2,A,12/11/13,6/6/16,Administrative Miscellaneous / Initial Inspection
50005186,12/15/14,Violations were cited in the following area(s).,10F,"Non-food contact surface improperly constructed. Unacceptable material used. Non-food contact surface or equipment improperly maintained and/or not properly sealed, raised, spaced or movable to allow accessibility for cleaning on all sides, above and underneath the unit.",Not Critical,5,A,12/15/14,6/6/16,Cycle Inspection / Initial Inspection
41226135,8/3/15,Violations were cited in the following area(s).,06D,"Food contact surface not properly washed, rinsed and sanitized after each use and following any activity when contamination may have occurred.",Critical,37,A,6/4/14,6/6/16,Cycle Inspection / Initial Inspection
41155536,8/16/13,Violations were cited in the following area(s).,04M,Live roaches present in facility's food and/or non-food areas.,Critical,12,A,8/16/13,6/6/16,Cycle Inspection / Re-inspection
41415004,6/18/15,Violations were cited in the following area(s).,02G,Cold food item held above 41_ F (smoked fish and reduced oxygen packaged foods above 38 ) except during necessary preparation.,Critical,17,B,6/18/15,6/6/16,Cycle Inspection / Re-inspection
41056355,8/20/14,Violations were cited in the following area(s).,16B,"The original nutritional fact labels and/or ingredient label for a cooking oil, shortening or margarine or food item sold in bulk, or acceptable manufacturers documentation not maintained on site.",Not Critical,9,A,1/22/15,6/6/16,Trans Fat / Re-inspection
41003300,5/14/13,Violations were cited in the following area(s).,04L,Evidence of mice or live mice present in facility's food and/or non-food areas.,Critical,9,A,5/14/13,6/6/16,Cycle Inspection / Initial Inspection
41630469,11/24/14,Violations were cited in the following area(s).,08A,Facility not vermin proof. Harborage or conditions conducive to attracting vermin to the premises and/or allowing vermin to exist.,Not Critical,21,B,11/24/14,6/6/16,Cycle Inspection / Re-inspection
41528836,8/25/15,Violations were cited in the following area(s).,02B,Hot food item not held at or above 140_ F.,Critical,24,A,6/13/13,6/6/16,Cycle Inspection / Initial Inspection
41722420,3/12/14,Violations were cited in the following area(s).,06C,"Food not protected from potential source of contamination during storage, preparation, transportation, display or service.",Critical,12,A,3/12/14,6/6/16,Cycle Inspection / Re-inspection
40993361,2/9/16,Violations were cited in the following area(s).,20E,Letter Grade or Grade Pending card not conspicuously posted and visible to passersby.,Not Critical,13,A,6/13/13,6/6/16,Administrative Miscellaneous / Initial Inspection
50001536,8/1/13,Violations were cited in the following area(s).,08A,Facility not vermin proof. Harborage or conditions conducive to attracting vermin to the premises and/or allowing vermin to exist.,Not Critical,33,C,6/25/14,6/6/16,Pre-permit (Operational) / Initial Inspection
41471148,2/14/14,Violations were cited in the following area(s).,02G,Cold food item held above 41_ F (smoked fish and reduced oxygen packaged foods above 38 ) except during necessary preparation.,Critical,7,A,2/14/14,6/6/16,Cycle Inspection / Initial Inspection
41184016,7/24/14,Violations were cited in the following area(s).,10B,Plumbing not properly installed or maintained; anti-siphonage or backflow prevention device not provided where required; equipment or floor not properly drained; sewage disposal system in disrepair or not functioning properly.,Not Critical,16,B,7/24/14,6/6/16,Cycle Inspection / Re-inspection
41555982,8/12/14,Violations were cited in the following area(s).,02B,Hot food item not held at or above 140_ F.,Critical,32,A,1/2/13,6/6/16,Cycle Inspection / Initial Inspection
40716092,6/20/13,Violations were cited in the following area(s).,04L,Evidence of mice or live mice present in facility's food and/or non-food areas.,Critical,11,A,6/20/13,6/6/16,Cycle Inspection / Re-inspection
41602559,7/13/15,Violations were cited in the following area(s).,06F,Wiping cloths soiled or not stored in sanitizing solution.,Critical,54,C,7/13/15,6/6/16,Cycle Inspection / Re-inspection
50012342,8/4/15,Violations were cited in the following area(s).,08A,Facility not vermin proof. Harborage or conditions conducive to attracting vermin to the premises and/or allowing vermin to exist.,Not Critical,41,A,8/12/13,6/6/16,Cycle Inspection / Initial Inspection
41517559,6/21/13,Violations were cited in the following area(s).,10H,Proper sanitization not provided for utensil ware washing operation.,Not Critical,30,,,6/6/16,Cycle Inspection / Initial Inspection
50043212,2/23/16,Violations were cited in the following area(s).,10F,"Non-food contact surface improperly constructed. Unacceptable material used. Non-food contact surface or equipment improperly maintained and/or not properly sealed, raised, spaced or movable to allow accessibility for cleaning on all sides, above and underneath the unit.",Not Critical,19,P,3/10/16,6/6/16,Cycle Inspection / Initial Inspection
50004057,2/11/15,Establishment Closed by DOHMH.  Violations were cited in the following area(s) and those requiring immediate action were addressed.,04L,Evidence of mice or live mice present in facility's food and/or non-food areas.,Critical,50,,,6/6/16,Cycle Inspection / Re-inspection
41455231,12/9/13,Violations were cited in the following area(s).,06F,Wiping cloths soiled or not stored in sanitizing solution.,Critical,13,A,12/9/13,6/6/16,Cycle Inspection / Initial Inspection
41462643,4/28/16,Violations were cited in the following area(s).,06F,Wiping cloths soiled or not stored in sanitizing solution.,Critical,22,,,6/6/16,Cycle Inspection / Initial Inspection
41719645,7/1/13,Establishment Closed by DOHMH.  Violations were cited in the following area(s) and those requiring immediate action were addressed.,04L,Evidence of mice or live mice present in facility's food and/or non-food areas.,Critical,40,A,3/6/13,6/6/16,Cycle Inspection / Re-inspection
41023838,6/3/14,Violations were cited in the following area(s).,02G,Cold food item held above 41_ F (smoked fish and reduced oxygen packaged foods above 38 ) except during necessary preparation.,Critical,10,A,6/3/14,6/6/16,Cycle Inspection / Re-inspection
40399472,9/5/13,Violations were cited in the following area(s).,10F,"Non-food contact surface improperly constructed. Unacceptable material used. Non-food contact surface or equipment improperly maintained and/or not properly sealed, raised, spaced or movable to allow accessibility for cleaning on all sides, above and underneath the unit.",Not Critical,2,A,9/5/13,6/6/16,Cycle Inspection / Re-inspection
50018394,2/8/16,Establishment Closed by DOHMH.  Violations were cited in the following area(s) and those requiring immediate action were addressed.,10E,Accurate thermometer not provided in refrigerated or hot holding equipment.,Not Critical,24,,,6/6/16,Cycle Inspection / Re-inspection
41437122,10/25/12,Violations were cited in the following area(s).,20D,"Choking first aid poster not posted. Alcohol and pregnancy warning sign not posted. Resuscitation equipment: exhaled air resuscitation masks (adult & pediatric), latex gloves, sign not posted. Inspection report sign not posted.",Not Critical,4,A,6/26/15,6/6/16,Administrative Miscellaneous / Initial Inspection
41370345,6/18/14,Violations were cited in the following area(s).,02G,Cold food item held above 41_ F (smoked fish and reduced oxygen packaged foods above 38 ) except during necessary preparation.,Critical,12,A,6/18/14,6/6/16,Cycle Inspection / Re-inspection
50018003,5/13/16,Violations were cited in the following area(s).,10H,Proper sanitization not provided for utensil ware washing operation.,Not Critical,40,,,6/6/16,Cycle Inspection / Initial Inspection
50034192,4/26/16,Violations were cited in the following area(s).,08A,Facility not vermin proof. Harborage or conditions conducive to attracting vermin to the premises and/or allowing vermin to exist.,Not Critical,34,A,7/21/15,6/6/16,Cycle Inspection / Initial Inspection
41252980,4/15/14,Violations were cited in the following area(s).,04L,Evidence of mice or live mice present in facility's food and/or non-food areas.,Critical,40,C,4/15/14,6/6/16,Cycle Inspection / Re-inspection
50002547,1/24/14,Violations were cited in the following area(s).,10J,''''Wash hands sign not posted at hand wash facility.,Not Critical,24,B,1/24/14,6/6/16,Pre-permit (Operational) / Re-inspection
41542642,9/17/14,Violations were cited in the following area(s).,04N,"Filth flies or food/refuse/sewage-associated (FRSA) flies present in facilitys food and/or non-food areas. Filth flies include house flies, little house flies, blow flies, bottle flies and flesh flies. Food/refuse/sewage-associated flies include fruit flies, drain flies and Phorid flies.",Critical,12,A,9/17/14,6/6/16,Cycle Inspection / Re-inspection
41594932,5/30/13,Violations were cited in the following area(s).,09B,Thawing procedures improper.,Not Critical,17,A,10/25/13,6/6/16,Cycle Inspection / Initial Inspection
50018703,4/21/15,Violations were cited in the following area(s).,02B,Hot food item not held at or above 140_ F.,Critical,12,A,4/21/15,6/6/16,Cycle Inspection / Initial Inspection
40871979,8/21/14,Violations were cited in the following area(s).,04L,Evidence of mice or live mice present in facility's food and/or non-food areas.,Critical,36,A,4/3/15,6/6/16,Cycle Inspection / Initial Inspection
50001637,4/17/14,Violations were cited in the following area(s).,04L,Evidence of mice or live mice present in facility's food and/or non-food areas.,Critical,27,B,4/17/14,6/6/16,Cycle Inspection / Re-inspection
50049670,1/1/00,Violations were cited in the following area(s).,02G,Cold food item held above 41_ F (smoked fish and reduced oxygen packaged foods above 38 ) except during necessary preparation.,Not Applicable,11,A,8/30/13,6/6/16,Cycle Inspection / Initial Inspection
50005755,7/16/15,Establishment Closed by DOHMH.  Violations were cited in the following area(s) and those requiring immediate action were addressed.,06A,Personal cleanliness inadequate. Outer garment soiled with possible contaminant.  Effective hair restraint not worn in an area where food is prepared.,Critical,53,,,6/6/16,Cycle Inspection / Initial Inspection
41435744,6/11/13,Violations were cited in the following area(s).,10B,Plumbing not properly installed or maintained; anti-siphonage or backflow prevention device not provided where required; equipment or floor not properly drained; sewage disposal system in disrepair or not functioning properly.,Not Critical,48,A,4/22/15,6/6/16,Cycle Inspection / Initial Inspection
41158299,6/24/13,Violations were cited in the following area(s).,10B,Plumbing not properly installed or maintained; anti-siphonage or backflow prevention device not provided where required; equipment or floor not properly drained; sewage disposal system in disrepair or not functioning properly.,Not Critical,25,B,6/24/13,6/6/16,Cycle Inspection / Re-inspection
41524912,4/15/14,Violations were cited in the following area(s).,10F,"Non-food contact surface improperly constructed. Unacceptable material used. Non-food contact surface or equipment improperly maintained and/or not properly sealed, raised, spaced or movable to allow accessibility for cleaning on all sides, above and underneath the unit.",Not Critical,4,B,8/5/13,6/6/16,Cycle Inspection / Initial Inspection
41395226,1/26/15,Violations were cited in the following area(s).,02H,"Food not cooled by an approved method whereby the internal product temperature is reduced from 140_ F to 70_ F or less within 2 hours, and from 70_ F to 41_ F or less within 4 additional hours.",Critical,27,A,11/12/14,6/6/16,Cycle Inspection / Initial Inspection
41441935,5/13/15,Violations were cited in the following area(s).,06C,"Food not protected from potential source of contamination during storage, preparation, transportation, display or service.",Critical,27,A,5/27/14,6/6/16,Cycle Inspection / Initial Inspection
50005588,1/12/16,Violations were cited in the following area(s).,04L,Evidence of mice or live mice present in facility's food and/or non-food areas.,Critical,13,A,1/12/16,6/6/16,Cycle Inspection / Re-inspection
41555685,11/6/13,Violations were cited in the following area(s).,10F,"Non-food contact surface improperly constructed. Unacceptable material used. Non-food contact surface or equipment improperly maintained and/or not properly sealed, raised, spaced or movable to allow accessibility for cleaning on all sides, above and underneath the unit.",Not Critical,19,B,11/6/13,6/6/16,Cycle Inspection / Re-inspection
41631760,7/15/14,Violations were cited in the following area(s).,10B,Plumbing not properly installed or maintained; anti-siphonage or backflow prevention device not provided where required; equipment or floor not properly drained; sewage disposal system in disrepair or not functioning properly.,Not Critical,19,B,1/6/15,6/6/16,Cycle Inspection / Initial Inspection
41267394,6/7/13,Violations were cited in the following area(s).,08A,Facility not vermin proof. Harborage or conditions conducive to attracting vermin to the premises and/or allowing vermin to exist.,Not Critical,25,B,6/7/13,6/6/16,Cycle Inspection / Re-inspection
41720707,9/20/13,Violations were cited in the following area(s).,02B,Hot food item not held at or above 140_ F.,Critical,15,B,9/20/13,6/6/16,Cycle Inspection / Re-inspection
41468815,2/10/16,Violations were cited in the following area(s).,06C,"Food not protected from potential source of contamination during storage, preparation, transportation, display or service.",Critical,36,A,9/27/12,6/6/16,Cycle Inspection / Initial Inspection
41628404,4/22/14,Violations were cited in the following area(s).,02G,Cold food item held above 41_ F (smoked fish and reduced oxygen packaged foods above 38 ) except during necessary preparation.,Critical,12,A,4/22/14,6/6/16,Cycle Inspection / Initial Inspection
40515448,3/26/15,Violations were cited in the following area(s).,10B,Plumbing not properly installed or maintained; anti-siphonage or backflow prevention device not provided where required; equipment or floor not properly drained; sewage disposal system in disrepair or not functioning properly.,Not Critical,25,B,10/7/13,6/6/16,Cycle Inspection / Initial Inspection
40368370,2/7/13,Violations were cited in the following area(s).,04L,Evidence of mice or live mice present in facility's food and/or non-food areas.,Critical,17,B,2/7/13,6/6/16,Cycle Inspection / Re-inspection
50034883,5/13/15,Violations were cited in the following area(s).,04L,Evidence of mice or live mice present in facility's food and/or non-food areas.,Critical,11,A,5/13/15,6/6/16,Pre-permit (Operational) / Re-inspection
41361633,1/9/15,Violations were cited in the following area(s).,04L,Evidence of mice or live mice present in facility's food and/or non-food areas.,Critical,9,A,1/9/15,6/6/16,Cycle Inspection / Re-inspection
50002512,12/29/15,Violations were cited in the following area(s).,06D,"Food contact surface not properly washed, rinsed and sanitized after each use and following any activity when contamination may have occurred.",Critical,8,A,12/29/15,6/6/16,Cycle Inspection / Initial Inspection
40383284,6/11/15,Violations were cited in the following area(s).,06C,"Food not protected from potential source of contamination during storage, preparation, transportation, display or service.",Critical,10,A,6/11/15,6/6/16,Cycle Inspection / Re-inspection
41721760,8/3/15,Violations were cited in the following area(s).,02B,Hot food item not held at or above 140_ F.,Critical,19,A,4/29/13,6/6/16,Cycle Inspection / Initial Inspection
50039088,2/2/16,Violations were cited in the following area(s).,06C,"Food not protected from potential source of contamination during storage, preparation, transportation, display or service.",Critical,28,,,6/6/16,Cycle Inspection / Initial Inspection
41511463,9/14/13,Violations were cited in the following area(s).,04N,"Filth flies or food/refuse/sewage-associated (FRSA) flies present in facilitys food and/or non-food areas. Filth flies include house flies, little house flies, blow flies, bottle flies and flesh flies. Food/refuse/sewage-associated flies include fruit flies, drain flies and Phorid flies.",Critical,20,,,6/6/16,Cycle Inspection / Initial Inspection
50000154,12/20/15,Violations were cited in the following area(s).,10F,"Non-food contact surface improperly constructed. Unacceptable material used. Non-food contact surface or equipment improperly maintained and/or not properly sealed, raised, spaced or movable to allow accessibility for cleaning on all sides, above and underneath the unit.",Not Critical,13,A,12/20/15,6/6/16,Cycle Inspection / Re-inspection
40402397,11/18/13,Violations were cited in the following area(s).,04L,Evidence of mice or live mice present in facility's food and/or non-food areas.,Critical,22,,,6/6/16,Cycle Inspection / Initial Inspection
50003058,6/10/14,Violations were cited in the following area(s).,08A,Facility not vermin proof. Harborage or conditions conducive to attracting vermin to the premises and/or allowing vermin to exist.,Not Critical,31,,,6/6/16,Cycle Inspection / Initial Inspection
41169949,8/1/13,Violations were cited in the following area(s).,04L,Evidence of mice or live mice present in facility's food and/or non-food areas.,Critical,10,C,9/25/15,6/6/16,Cycle Inspection / Initial Inspection
50038557,3/17/16,Violations were cited in the following area(s).,10F,"Non-food contact surface improperly constructed. Unacceptable material used. Non-food contact surface or equipment improperly maintained and/or not properly sealed, raised, spaced or movable to allow accessibility for cleaning on all sides, above and underneath the unit.",Not Critical,12,A,10/9/14,6/6/16,Cycle Inspection / Initial Inspection
41485148,10/16/15,Violations were cited in the following area(s).,16B,"The original nutritional fact labels and/or ingredient label for a cooking oil, shortening or margarine or food item sold in bulk, or acceptable manufacturers documentation not maintained on site.",Not Critical,10,A,4/29/15,6/6/16,Trans Fat / Initial Inspection
50004149,7/17/14,Violations were cited in the following area(s).,10F,"Non-food contact surface improperly constructed. Unacceptable material used. Non-food contact surface or equipment improperly maintained and/or not properly sealed, raised, spaced or movable to allow accessibility for cleaning on all sides, above and underneath the unit.",Not Critical,7,A,7/17/14,6/6/16,Pre-permit (Operational) / Initial Inspection
50014392,10/19/15,Violations were cited in the following area(s).,08A,Facility not vermin proof. Harborage or conditions conducive to attracting vermin to the premises and/or allowing vermin to exist.,Not Critical,16,A,10/13/15,6/6/16,Cycle Inspection / Initial Inspection
41654607,3/15/14,Violations were cited in the following area(s).,02G,Cold food item held above 41_ F (smoked fish and reduced oxygen packaged foods above 38 ) except during necessary preparation.,Critical,12,,,6/6/16,Cycle Inspection / Initial Inspection
50014836,3/11/15,Violations were cited in the following area(s).,06C,"Food not protected from potential source of contamination during storage, preparation, transportation, display or service.",Critical,12,A,3/11/15,6/6/16,Cycle Inspection / Initial Inspection
41413153,10/22/13,Violations were cited in the following area(s).,04M,Live roaches present in facility's food and/or non-food areas.,Critical,12,A,10/22/13,6/6/16,Cycle Inspection / Re-inspection
41042881,6/3/13,Violations were cited in the following area(s).,10F,"Non-food contact surface improperly constructed. Unacceptable material used. Non-food contact surface or equipment improperly maintained and/or not properly sealed, raised, spaced or movable to allow accessibility for cleaning on all sides, above and underneath the unit.",Not Critical,2,A,6/3/13,6/6/16,Cycle Inspection / Re-inspection
41712853,3/11/14,Violations were cited in the following area(s).,06C,"Food not protected from potential source of contamination during storage, preparation, transportation, display or service.",Critical,18,,,6/6/16,Cycle Inspection / Initial Inspection
40931239,1/13/15,Violations were cited in the following area(s).,02B,Hot food item not held at or above 140_ F.,Critical,18,A,10/6/14,6/6/16,Cycle Inspection / Initial Inspection
41018152,7/15/13,Violations were cited in the following area(s).,04N,"Filth flies or food/refuse/sewage-associated (FRSA) flies present in facilitys food and/or non-food areas. Filth flies include house flies, little house flies, blow flies, bottle flies and flesh flies. Food/refuse/sewage-associated flies include fruit flies, drain flies and Phorid flies.",Critical,22,,,6/6/16,Cycle Inspection / Initial Inspection
41649164,10/23/14,Violations were cited in the following area(s).,10B,Plumbing not properly installed or maintained; anti-siphonage or backflow prevention device not provided where required; equipment or floor not properly drained; sewage disposal system in disrepair or not functioning properly.,Not Critical,13,A,10/23/14,6/6/16,Cycle Inspection / Initial Inspection
50000380,6/13/13,Violations were cited in the following area(s).,04L,Evidence of mice or live mice present in facility's food and/or non-food areas.,Critical,18,A,1/29/14,6/6/16,Pre-permit (Operational) / Initial Inspection
40554360,5/14/14,Violations were cited in the following area(s).,20F,Current letter grade card not posted.,Not Critical,40,A,1/9/16,6/6/16,Administrative Miscellaneous / Initial Inspection
41388901,9/14/15,Violations were cited in the following area(s).,10D,"Mechanical or natural ventilation system not provided, improperly installed, in disrepair and/or fails to prevent excessive build-up of grease, heat, steam condensation vapors, odors, smoke, and fumes.",Not Critical,12,A,9/14/15,6/6/16,Cycle Inspection / Re-inspection
41570654,1/2/14,Violations were cited in the following area(s).,06F,Wiping cloths soiled or not stored in sanitizing solution.,Critical,9,A,1/2/14,6/6/16,Cycle Inspection / Initial Inspection
41229106,7/27/15,Violations were cited in the following area(s).,06D,"Food contact surface not properly washed, rinsed and sanitized after each use and following any activity when contamination may have occurred.",Critical,13,A,7/27/15,6/6/16,Cycle Inspection / Re-inspection
50037614,1/16/16,Violations were cited in the following area(s).,10J,''''Wash hands sign not posted at hand wash facility.,Not Critical,11,A,1/16/16,6/6/16,Cycle Inspection / Initial Inspection
41676423,8/12/15,Violations were cited in the following area(s).,06C,"Food not protected from potential source of contamination during storage, preparation, transportation, display or service.",Critical,12,A,8/12/15,6/6/16,Cycle Inspection / Re-inspection
41236123,1/22/16,Violations were cited in the following area(s).,08A,Facility not vermin proof. Harborage or conditions conducive to attracting vermin to the premises and/or allowing vermin to exist.,Not Critical,11,A,1/22/16,6/6/16,Cycle Inspection / Re-inspection
41701903,4/21/15,Violations were cited in the following area(s).,04M,Live roaches present in facility's food and/or non-food areas.,Critical,40,,,6/6/16,Cycle Inspection / Initial Inspection
50041240,10/24/15,Violations were cited in the following area(s).,02G,Cold food item held above 41_ F (smoked fish and reduced oxygen packaged foods above 38 ) except during necessary preparation.,Critical,18,A,1/24/14,6/6/16,Pre-permit (Operational) / Initial Inspection
41548334,2/6/13,Violations were cited in the following area(s).,04N,"Filth flies or food/refuse/sewage-associated (FRSA) flies present in facilitys food and/or non-food areas. Filth flies include house flies, little house flies, blow flies, bottle flies and flesh flies. Food/refuse/sewage-associated flies include fruit flies, drain flies and Phorid flies.",Critical,11,A,2/6/13,6/6/16,Cycle Inspection / Re-inspection
41712479,5/22/13,Violations were cited in the following area(s).,08C,Pesticide use not in accordance with label or applicable laws. Prohibited chemical used/stored. Open bait station used.,Not Critical,40,A,12/20/12,6/6/16,Pre-permit (Operational) / Initial Inspection
41665533,10/30/13,Violations were cited in the following area(s).,16B,"The original nutritional fact labels and/or ingredient label for a cooking oil, shortening or margarine or food item sold in bulk, or acceptable manufacturers documentation not maintained on site.",Not Critical,10,A,8/11/15,6/6/16,Trans Fat / Initial Inspection
41714279,5/14/14,Violations were cited in the following area(s).,02B,Hot food item not held at or above 140_ F.,Critical,14,C,9/4/15,6/6/16,Cycle Inspection / Initial Inspection
50008087,3/9/16,Violations were cited in the following area(s).,10B,Plumbing not properly installed or maintained; anti-siphonage or backflow prevention device not provided where required; equipment or floor not properly drained; sewage disposal system in disrepair or not functioning properly.,Not Critical,5,A,3/9/16,6/6/16,Cycle Inspection / Initial Inspection
40366381,3/20/13,Violations were cited in the following area(s).,04J,"Appropriately scaled metal stem-type thermometer or thermocouple not provided or used to evaluate temperatures of potentially hazardous foods during cooking, cooling, reheating and holding.",Critical,36,C,3/20/13,6/6/16,Cycle Inspection / Re-inspection
41717763,6/7/15,Violations were cited in the following area(s).,04L,Evidence of mice or live mice present in facility's food and/or non-food areas.,Critical,29,A,5/20/16,6/6/16,Cycle Inspection / Initial Inspection
50001616,8/18/14,Violations were cited in the following area(s).,10E,Accurate thermometer not provided in refrigerated or hot holding equipment.,Not Critical,4,A,8/18/14,6/6/16,Cycle Inspection / Initial Inspection
50016272,6/8/15,Violations were cited in the following area(s).,10F,"Non-food contact surface improperly constructed. Unacceptable material used. Non-food contact surface or equipment improperly maintained and/or not properly sealed, raised, spaced or movable to allow accessibility for cleaning on all sides, above and underneath the unit.",Not Critical,19,A,7/24/15,6/6/16,Cycle Inspection / Initial Inspection
41624165,7/23/13,Violations were cited in the following area(s).,09C,Food contact surface not properly maintained.,Not Critical,29,A,8/20/13,6/6/16,Cycle Inspection / Initial Inspection
41547472,5/2/16,Violations were cited in the following area(s).,10F,"Non-food contact surface improperly constructed. Unacceptable material used. Non-food contact surface or equipment improperly maintained and/or not properly sealed, raised, spaced or movable to allow accessibility for cleaning on all sides, above and underneath the unit.",Not Critical,12,A,5/2/16,6/6/16,Cycle Inspection / Re-inspection
40424488,3/3/15,Violations were cited in the following area(s).,04L,Evidence of mice or live mice present in facility's food and/or non-food areas.,Critical,35,B,1/13/15,6/6/16,Cycle Inspection / Initial Inspection
41040405,12/31/13,Violations were cited in the following area(s).,04N,"Filth flies or food/refuse/sewage-associated (FRSA) flies present in facilitys food and/or non-food areas. Filth flies include house flies, little house flies, blow flies, bottle flies and flesh flies. Food/refuse/sewage-associated flies include fruit flies, drain flies and Phorid flies.",Critical,25,A,6/9/15,6/6/16,Cycle Inspection / Initial Inspection
41529658,7/10/14,Violations were cited in the following area(s).,08A,Facility not vermin proof. Harborage or conditions conducive to attracting vermin to the premises and/or allowing vermin to exist.,Not Critical,10,,,6/6/16,Cycle Inspection / Initial Inspection
50011777,11/18/15,Violations were cited in the following area(s).,20F,Current letter grade card not posted.,Not Critical,17,A,1/14/16,6/6/16,Administrative Miscellaneous / Initial Inspection
41680691,4/16/15,Violations were cited in the following area(s).,04L,Evidence of mice or live mice present in facility's food and/or non-food areas.,Critical,12,A,4/16/15,6/6/16,Cycle Inspection / Re-inspection
41330799,1/27/14,Violations were cited in the following area(s).,02H,"Food not cooled by an approved method whereby the internal product temperature is reduced from 140_ F to 70_ F or less within 2 hours, and from 70_ F to 41_ F or less within 4 additional hours.",Critical,13,A,1/27/14,6/6/16,Cycle Inspection / Re-inspection
50034061,5/12/15,Violations were cited in the following area(s).,04L,Evidence of mice or live mice present in facility's food and/or non-food areas.,Critical,30,A,8/27/13,6/6/16,Pre-permit (Operational) / Initial Inspection
41021991,9/10/13,Violations were cited in the following area(s).,04L,Evidence of mice or live mice present in facility's food and/or non-food areas.,Critical,13,A,9/10/13,6/6/16,Cycle Inspection / Re-inspection
50010691,11/27/15,Violations were cited in the following area(s).,08A,Facility not vermin proof. Harborage or conditions conducive to attracting vermin to the premises and/or allowing vermin to exist.,Not Critical,19,B,11/27/15,6/6/16,Cycle Inspection / Re-inspection
41584680,12/20/14,Violations were cited in the following area(s).,10B,Plumbing not properly installed or maintained; anti-siphonage or backflow prevention device not provided where required; equipment or floor not properly drained; sewage disposal system in disrepair or not functioning properly.,Not Critical,21,C,4/15/13,6/6/16,Cycle Inspection / Initial Inspection
50019125,3/9/15,Violations were cited in the following area(s).,04L,Evidence of mice or live mice present in facility's food and/or non-food areas.,Critical,33,A,11/5/15,6/6/16,Pre-permit (Operational) / Initial Inspection
40400561,9/10/15,Violations were cited in the following area(s).,04M,Live roaches present in facility's food and/or non-food areas.,Critical,13,A,9/10/15,6/6/16,Cycle Inspection / Re-inspection
41568286,4/8/13,Violations were cited in the following area(s).,04L,Evidence of mice or live mice present in facility's food and/or non-food areas.,Critical,19,A,3/21/14,6/6/16,Cycle Inspection / Compliance Inspection
50002670,1/26/15,Violations were cited in the following area(s).,04L,Evidence of mice or live mice present in facility's food and/or non-food areas.,Critical,11,A,1/26/15,6/6/16,Cycle Inspection / Re-inspection
40804631,10/17/14,Violations were cited in the following area(s).,10I,"Single service item reused, improperly stored, dispensed; not used when required.",Not Critical,2,A,10/17/14,6/6/16,Cycle Inspection / Initial Inspection
40372445,6/17/14,Violations were cited in the following area(s).,06C,"Food not protected from potential source of contamination during storage, preparation, transportation, display or service.",Critical,26,A,4/17/15,6/6/16,Cycle Inspection / Initial Inspection
41475946,9/25/13,Violations were cited in the following area(s).,02G,Cold food item held above 41_ F (smoked fish and reduced oxygen packaged foods above 38 ) except during necessary preparation.,Critical,27,B,9/25/13,6/6/16,Cycle Inspection / Re-inspection
41657196,1/20/15,Violations were cited in the following area(s).,04M,Live roaches present in facility's food and/or non-food areas.,Critical,18,B,12/24/13,6/6/16,Cycle Inspection / Initial Inspection
41386380,3/4/15,Violations were cited in the following area(s).,06C,"Food not protected from potential source of contamination during storage, preparation, transportation, display or service.",Critical,11,A,3/4/15,6/6/16,Cycle Inspection / Initial Inspection
40720599,5/11/13,Violations were cited in the following area(s).,10J,''''Wash hands sign not posted at hand wash facility.,Not Critical,9,A,2/19/15,6/6/16,Cycle Inspection / Initial Inspection
41144369,8/14/14,Violations were cited in the following area(s).,08A,Facility not vermin proof. Harborage or conditions conducive to attracting vermin to the premises and/or allowing vermin to exist.,Not Critical,11,A,8/14/14,6/6/16,Cycle Inspection / Initial Inspection
41541610,6/13/14,Violations were cited in the following area(s).,06A,Personal cleanliness inadequate. Outer garment soiled with possible contaminant.  Effective hair restraint not worn in an area where food is prepared.,Critical,27,A,3/11/14,6/6/16,Cycle Inspection / Initial Inspection
41180510,5/20/16,Violations were cited in the following area(s).,04N,"Filth flies or food/refuse/sewage-associated (FRSA) flies present in facilitys food and/or non-food areas. Filth flies include house flies, little house flies, blow flies, bottle flies and flesh flies. Food/refuse/sewage-associated flies include fruit flies, drain flies and Phorid flies.",Critical,35,A,9/10/15,6/6/16,Cycle Inspection / Initial Inspection
41684486,7/13/15,Violations were cited in the following area(s).,10F,"Non-food contact surface improperly constructed. Unacceptable material used. Non-food contact surface or equipment improperly maintained and/or not properly sealed, raised, spaced or movable to allow accessibility for cleaning on all sides, above and underneath the unit.",Not Critical,11,A,7/13/15,6/6/16,Cycle Inspection / Re-inspection
40626416,10/7/15,Violations were cited in the following area(s).,04N,"Filth flies or food/refuse/sewage-associated (FRSA) flies present in facilitys food and/or non-food areas. Filth flies include house flies, little house flies, blow flies, bottle flies and flesh flies. Food/refuse/sewage-associated flies include fruit flies, drain flies and Phorid flies.",Critical,6,A,10/7/15,6/6/16,Cycle Inspection / Re-inspection
50000346,11/12/14,Establishment Closed by DOHMH.  Violations were cited in the following area(s) and those requiring immediate action were addressed.,02G,Cold food item held above 41_ F (smoked fish and reduced oxygen packaged foods above 38 ) except during necessary preparation.,Critical,39,A,5/25/13,6/6/16,Cycle Inspection / Re-inspection
41705765,2/17/16,Violations were cited in the following area(s).,08C,Pesticide use not in accordance with label or applicable laws. Prohibited chemical used/stored. Open bait station used.,Not Critical,11,A,2/17/16,6/6/16,Cycle Inspection / Initial Inspection
41187577,3/25/15,Violations were cited in the following area(s).,06A,Personal cleanliness inadequate. Outer garment soiled with possible contaminant.  Effective hair restraint not worn in an area where food is prepared.,Critical,40,A,2/26/15,6/6/16,Cycle Inspection / Initial Inspection
40642405,6/18/15,Violations were cited in the following area(s).,04M,Live roaches present in facility's food and/or non-food areas.,Critical,10,A,6/18/15,6/6/16,Cycle Inspection / Re-inspection
41587147,3/14/14,Violations were cited in the following area(s).,06D,"Food contact surface not properly washed, rinsed and sanitized after each use and following any activity when contamination may have occurred.",Critical,35,B,3/13/13,6/6/16,Cycle Inspection / Initial Inspection
41702053,6/14/13,No violations were recorded at the time of this inspection.,08A,Facility not vermin proof. Harborage or conditions conducive to attracting vermin to the premises and/or allowing vermin to exist.,Not Applicable,0,A,6/14/13,6/6/16,Pre-permit (Operational) / Initial Inspection
41701492,7/23/13,Violations were cited in the following area(s).,06A,Personal cleanliness inadequate. Outer garment soiled with possible contaminant.  Effective hair restraint not worn in an area where food is prepared.,Critical,30,A,1/15/14,6/6/16,Cycle Inspection / Initial Inspection
40698274,3/19/15,Violations were cited in the following area(s).,02G,Cold food item held above 41_ F (smoked fish and reduced oxygen packaged foods above 38 ) except during necessary preparation.,Critical,23,B,3/19/15,6/6/16,Cycle Inspection / Re-inspection
50005487,4/23/14,Violations were cited in the following area(s).,10B,Plumbing not properly installed or maintained; anti-siphonage or backflow prevention device not provided where required; equipment or floor not properly drained; sewage disposal system in disrepair or not functioning properly.,Not Critical,5,A,4/23/14,6/6/16,Pre-permit (Operational) / Re-inspection
41170072,8/5/13,Violations were cited in the following area(s).,10F,"Non-food contact surface improperly constructed. Unacceptable material used. Non-food contact surface or equipment improperly maintained and/or not properly sealed, raised, spaced or movable to allow accessibility for cleaning on all sides, above and underneath the unit.",Not Critical,11,A,8/5/13,6/6/16,Cycle Inspection / Re-inspection
50001865,3/10/14,Violations were cited in the following area(s).,08B,"Covered garbage receptacle not provided or inadequate, except that garbage receptacle may be uncovered during active use. Garbage storage area not properly constructed or maintained; grinder or compactor dirty.",Not Critical,49,C,3/10/14,6/6/16,Pre-permit (Operational) / Re-inspection
41476185,6/19/13,Violations were cited in the following area(s).,10H,Proper sanitization not provided for utensil ware washing operation.,Not Critical,19,,,6/6/16,Cycle Inspection / Initial Inspection
41683337,12/24/14,Violations were cited in the following area(s).,10F,"Non-food contact surface improperly constructed. Unacceptable material used. Non-food contact surface or equipment improperly maintained and/or not properly sealed, raised, spaced or movable to allow accessibility for cleaning on all sides, above and underneath the unit.",Not Critical,9,A,12/24/14,6/6/16,Cycle Inspection / Re-inspection
41284555,5/7/15,Violations were cited in the following area(s).,04K,Evidence of rats or live rats present in facility's food and/or non-food areas.,Critical,35,B,6/12/15,6/6/16,Cycle Inspection / Initial Inspection
50001745,9/18/15,Violations were cited in the following area(s).,04L,Evidence of mice or live mice present in facility's food and/or non-food areas.,Critical,12,A,9/18/15,6/6/16,Cycle Inspection / Initial Inspection
41536647,9/3/14,Violations were cited in the following area(s).,10F,"Non-food contact surface improperly constructed. Unacceptable material used. Non-food contact surface or equipment improperly maintained and/or not properly sealed, raised, spaced or movable to allow accessibility for cleaning on all sides, above and underneath the unit.",Not Critical,26,B,9/3/14,6/6/16,Cycle Inspection / Re-inspection
50005469,3/26/16,Violations were cited in the following area(s).,15L,"Smoke free workplace smoking policy inadequate, not posted, not provided to employees.",Not Critical,39,,,6/6/16,Smoke-Free Air Act / Initial Inspection
40726984,12/31/13,Violations were cited in the following area(s).,04A,Food Protection Certificate not held by supervisor of food operations.,Critical,22,,,6/6/16,Cycle Inspection / Initial Inspection
40640782,10/22/13,Violations were cited in the following area(s).,04L,Evidence of mice or live mice present in facility's food and/or non-food areas.,Critical,34,A,1/20/16,6/6/16,Cycle Inspection / Initial Inspection
41403341,7/11/14,Violations were cited in the following area(s).,08A,Facility not vermin proof. Harborage or conditions conducive to attracting vermin to the premises and/or allowing vermin to exist.,Not Critical,14,B,7/11/14,6/6/16,Cycle Inspection / Re-inspection
40787059,12/12/14,Violations were cited in the following area(s).,06D,"Food contact surface not properly washed, rinsed and sanitized after each use and following any activity when contamination may have occurred.",Critical,10,A,12/12/14,6/6/16,Cycle Inspection / Initial Inspection
41358275,10/15/13,Violations were cited in the following area(s).,10F,"Non-food contact surface improperly constructed. Unacceptable material used. Non-food contact surface or equipment improperly maintained and/or not properly sealed, raised, spaced or movable to allow accessibility for cleaning on all sides, above and underneath the unit.",Not Critical,11,A,10/15/13,6/6/16,Cycle Inspection / Re-inspection
41595289,11/15/14,Violations were cited in the following area(s).,10F,"Non-food contact surface improperly constructed. Unacceptable material used. Non-food contact surface or equipment improperly maintained and/or not properly sealed, raised, spaced or movable to allow accessibility for cleaning on all sides, above and underneath the unit.",Not Critical,9,A,11/15/14,6/6/16,Cycle Inspection / Initial Inspection
50000942,6/3/14,Violations were cited in the following area(s).,22C,"Bulb not shielded or shatterproof, in areas where there is extreme heat, temperature changes, or where accidental contact may occur.",Not Critical,25,B,4/25/14,6/6/16,Administrative Miscellaneous / Re-inspection
40606806,4/21/15,Violations were cited in the following area(s).,10F,"Non-food contact surface improperly constructed. Unacceptable material used. Non-food contact surface or equipment improperly maintained and/or not properly sealed, raised, spaced or movable to allow accessibility for cleaning on all sides, above and underneath the unit.",Not Critical,9,,,6/6/16,Cycle Inspection / Initial Inspection
41405007,1/8/15,Violations were cited in the following area(s).,08A,Facility not vermin proof. Harborage or conditions conducive to attracting vermin to the premises and/or allowing vermin to exist.,Not Critical,12,A,1/8/15,6/6/16,Cycle Inspection / Initial Inspection
40576044,8/12/13,Violations were cited in the following area(s).,06E,"Sanitized equipment or utensil, including in-use food dispensing utensil, improperly used or stored.",Critical,12,A,8/12/13,6/6/16,Cycle Inspection / Re-inspection
41679646,2/12/13,Violations were cited in the following area(s).,04L,Evidence of mice or live mice present in facility's food and/or non-food areas.,Critical,12,A,2/12/13,6/6/16,Pre-permit (Operational) / Re-inspection
40370994,5/13/14,Violations were cited in the following area(s).,06C,"Food not protected from potential source of contamination during storage, preparation, transportation, display or service.",Critical,12,A,5/13/14,6/6/16,Cycle Inspection / Initial Inspection
41671752,7/28/14,Establishment re-opened by DOHMH,04M,Live roaches present in facility's food and/or non-food areas.,Critical,9,P,7/28/14,6/6/16,Cycle Inspection / Reopening Inspection
41635353,9/18/13,Violations were cited in the following area(s).,08A,Facility not vermin proof. Harborage or conditions conducive to attracting vermin to the premises and/or allowing vermin to exist.,Not Critical,32,A,5/1/15,6/6/16,Cycle Inspection / Initial Inspection
50006255,4/19/14,Violations were cited in the following area(s).,06D,"Food contact surface not properly washed, rinsed and sanitized after each use and following any activity when contamination may have occurred.",Critical,20,A,4/2/16,6/6/16,Pre-permit (Operational) / Initial Inspection
41471829,9/19/14,Violations were cited in the following area(s).,04J,"Appropriately scaled metal stem-type thermometer or thermocouple not provided or used to evaluate temperatures of potentially hazardous foods during cooking, cooling, reheating and holding.",Critical,30,A,10/3/13,6/6/16,Cycle Inspection / Initial Inspection
40806791,5/25/16,Violations were cited in the following area(s).,10B,Plumbing not properly installed or maintained; anti-siphonage or backflow prevention device not provided where required; equipment or floor not properly drained; sewage disposal system in disrepair or not functioning properly.,Not Critical,19,A,3/16/15,6/6/16,Cycle Inspection / Initial Inspection
41694309,9/21/13,Violations were cited in the following area(s).,22C,"Bulb not shielded or shatterproof, in areas where there is extreme heat, temperature changes, or where accidental contact may occur.",Not Critical,12,A,10/3/13,6/6/16,Administrative Miscellaneous / Initial Inspection
50012353,3/4/15,Violations were cited in the following area(s).,04L,Evidence of mice or live mice present in facility's food and/or non-food areas.,Critical,22,,,6/6/16,Cycle Inspection / Initial Inspection
41387662,6/5/15,Violations were cited in the following area(s).,10F,"Non-food contact surface improperly constructed. Unacceptable material used. Non-food contact surface or equipment improperly maintained and/or not properly sealed, raised, spaced or movable to allow accessibility for cleaning on all sides, above and underneath the unit.",Not Critical,5,A,6/5/15,6/6/16,Cycle Inspection / Re-inspection
41441562,12/2/14,Violations were cited in the following area(s).,10D,"Mechanical or natural ventilation system not provided, improperly installed, in disrepair and/or fails to prevent excessive build-up of grease, heat, steam condensation vapors, odors, smoke, and fumes.",Not Critical,13,A,12/2/14,6/6/16,Cycle Inspection / Initial Inspection
50016841,6/8/15,Violations were cited in the following area(s).,03B,"Shellfish not from approved source, improperly tagged/labeled; tags not retained for 90 days.",Critical,21,A,3/8/14,6/6/16,Pre-permit (Operational) / Initial Inspection
41692024,9/13/13,Violations were cited in the following area(s).,08A,Facility not vermin proof. Harborage or conditions conducive to attracting vermin to the premises and/or allowing vermin to exist.,Not Critical,20,B,9/13/13,6/6/16,Cycle Inspection / Re-inspection
41486145,3/19/14,Violations were cited in the following area(s).,06D,"Food contact surface not properly washed, rinsed and sanitized after each use and following any activity when contamination may have occurred.",Critical,9,A,3/19/14,6/6/16,Cycle Inspection / Initial Inspection
50006458,4/9/15,Violations were cited in the following area(s).,02H,"Food not cooled by an approved method whereby the internal product temperature is reduced from 140_ F to 70_ F or less within 2 hours, and from 70_ F to 41_ F or less within 4 additional hours.",Critical,18,B,11/12/15,6/6/16,Cycle Inspection / Initial Inspection
41305806,4/29/15,Violations were cited in the following area(s).,08C,Pesticide use not in accordance with label or applicable laws. Prohibited chemical used/stored. Open bait station used.,Not Critical,9,,,6/6/16,Cycle Inspection / Initial Inspection
41289750,4/14/15,Violations were cited in the following area(s).,09C,Food contact surface not properly maintained.,Not Critical,5,A,4/14/15,6/6/16,Cycle Inspection / Initial Inspection
40825908,10/3/14,Violations were cited in the following area(s).,02G,Cold food item held above 41_ F (smoked fish and reduced oxygen packaged foods above 38 ) except during necessary preparation.,Critical,9,A,10/3/14,6/6/16,Cycle Inspection / Re-inspection
41711390,7/5/14,Violations were cited in the following area(s).,08A,Facility not vermin proof. Harborage or conditions conducive to attracting vermin to the premises and/or allowing vermin to exist.,Not Critical,11,A,7/5/14,6/6/16,Cycle Inspection / Re-inspection
41721977,4/4/16,Violations were cited in the following area(s).,09C,Food contact surface not properly maintained.,Not Critical,9,A,4/4/16,6/6/16,Cycle Inspection / Initial Inspection
41530127,3/10/14,Violations were cited in the following area(s).,10B,Plumbing not properly installed or maintained; anti-siphonage or backflow prevention device not provided where required; equipment or floor not properly drained; sewage disposal system in disrepair or not functioning properly.,Not Critical,13,A,3/10/14,6/6/16,Cycle Inspection / Initial Inspection
41659711,3/1/16,Violations were cited in the following area(s).,04N,"Filth flies or food/refuse/sewage-associated (FRSA) flies present in facilitys food and/or non-food areas. Filth flies include house flies, little house flies, blow flies, bottle flies and flesh flies. Food/refuse/sewage-associated flies include fruit flies, drain flies and Phorid flies.",Critical,10,A,3/1/16,6/6/16,Cycle Inspection / Initial Inspection
41679163,7/28/15,Violations were cited in the following area(s).,10F,"Non-food contact surface improperly constructed. Unacceptable material used. Non-food contact surface or equipment improperly maintained and/or not properly sealed, raised, spaced or movable to allow accessibility for cleaning on all sides, above and underneath the unit.",Not Critical,9,A,7/28/15,6/6/16,Cycle Inspection / Initial Inspection
41488373,10/22/13,Violations were cited in the following area(s).,04M,Live roaches present in facility's food and/or non-food areas.,Critical,16,B,12/3/15,6/6/16,Cycle Inspection / Initial Inspection
50007884,12/5/15,Violations were cited in the following area(s).,04L,Evidence of mice or live mice present in facility's food and/or non-food areas.,Critical,9,A,12/5/15,6/6/16,Cycle Inspection / Re-inspection
41611381,8/8/12,Violations were cited in the following area(s).,04K,Evidence of rats or live rats present in facility's food and/or non-food areas.,Critical,35,,,6/6/16,Cycle Inspection / Initial Inspection
50044592,3/24/16,Violations were cited in the following area(s).,10F,"Non-food contact surface improperly constructed. Unacceptable material used. Non-food contact surface or equipment improperly maintained and/or not properly sealed, raised, spaced or movable to allow accessibility for cleaning on all sides, above and underneath the unit.",Not Critical,2,A,3/24/16,6/6/16,Pre-permit (Operational) / Initial Inspection
40375699,5/5/14,Violations were cited in the following area(s).,10D,"Mechanical or natural ventilation system not provided, improperly installed, in disrepair and/or fails to prevent excessive build-up of grease, heat, steam condensation vapors, odors, smoke, and fumes.",Not Critical,11,A,5/5/14,6/6/16,Cycle Inspection / Initial Inspection
41348973,4/7/14,Violations were cited in the following area(s).,10B,Plumbing not properly installed or maintained; anti-siphonage or backflow prevention device not provided where required; equipment or floor not properly drained; sewage disposal system in disrepair or not functioning properly.,Not Critical,12,A,4/7/14,6/6/16,Cycle Inspection / Initial Inspection
40398910,8/23/13,Establishment Closed by DOHMH.  Violations were cited in the following area(s) and those requiring immediate action were addressed.,08A,Facility not vermin proof. Harborage or conditions conducive to attracting vermin to the premises and/or allowing vermin to exist.,Not Critical,56,,,6/6/16,Cycle Inspection / Initial Inspection
50034739,7/27/15,Violations were cited in the following area(s).,06A,Personal cleanliness inadequate. Outer garment soiled with possible contaminant.  Effective hair restraint not worn in an area where food is prepared.,Critical,47,C,7/27/15,6/6/16,Pre-permit (Operational) / Re-inspection
41236258,3/11/15,Violations were cited in the following area(s).,10F,"Non-food contact surface improperly constructed. Unacceptable material used. Non-food contact surface or equipment improperly maintained and/or not properly sealed, raised, spaced or movable to allow accessibility for cleaning on all sides, above and underneath the unit.",Not Critical,3,A,3/11/15,6/6/16,Cycle Inspection / Initial Inspection
41103064,5/29/13,Violations were cited in the following area(s).,04L,Evidence of mice or live mice present in facility's food and/or non-food areas.,Critical,13,A,5/29/13,6/6/16,Cycle Inspection / Re-inspection
41629609,7/22/13,Violations were cited in the following area(s).,10B,Plumbing not properly installed or maintained; anti-siphonage or backflow prevention device not provided where required; equipment or floor not properly drained; sewage disposal system in disrepair or not functioning properly.,Not Critical,11,A,7/22/13,6/6/16,Cycle Inspection / Re-inspection
41689789,11/22/13,Violations were cited in the following area(s).,02B,Hot food item not held at or above 140_ F.,Critical,25,A,6/3/13,6/6/16,Cycle Inspection / Initial Inspection
50002995,8/4/14,Violations were cited in the following area(s).,22C,"Bulb not shielded or shatterproof, in areas where there is extreme heat, temperature changes, or where accidental contact may occur.",Not Critical,24,,,6/6/16,Administrative Miscellaneous / Initial Inspection
50018506,3/11/15,Violations were cited in the following area(s).,10H,Proper sanitization not provided for utensil ware washing operation.,Not Critical,17,,,6/6/16,Pre-permit (Operational) / Initial Inspection
40878590,6/1/15,Violations were cited in the following area(s).,10B,Plumbing not properly installed or maintained; anti-siphonage or backflow prevention device not provided where required; equipment or floor not properly drained; sewage disposal system in disrepair or not functioning properly.,Not Critical,5,A,6/1/15,6/6/16,Cycle Inspection / Re-inspection
50010819,5/2/16,Violations were cited in the following area(s).,04N,"Filth flies or food/refuse/sewage-associated (FRSA) flies present in facilitys food and/or non-food areas. Filth flies include house flies, little house flies, blow flies, bottle flies and flesh flies. Food/refuse/sewage-associated flies include fruit flies, drain flies and Phorid flies.",Critical,10,A,5/2/16,6/6/16,Cycle Inspection / Re-inspection
41097273,3/3/14,Violations were cited in the following area(s).,02G,Cold food item held above 41_ F (smoked fish and reduced oxygen packaged foods above 38 ) except during necessary preparation.,Critical,49,Not Yet Graded,,6/6/16,Cycle Inspection / Initial Inspection
40393787,10/22/15,Violations were cited in the following area(s).,06C,"Food not protected from potential source of contamination during storage, preparation, transportation, display or service.",Critical,40,,,6/6/16,Cycle Inspection / Initial Inspection
41387129,7/9/13,Violations were cited in the following area(s).,02G,Cold food item held above 41_ F (smoked fish and reduced oxygen packaged foods above 38 ) except during necessary preparation.,Critical,25,,,6/6/16,Cycle Inspection / Initial Inspection
41453428,8/12/14,Violations were cited in the following area(s).,10F,"Non-food contact surface improperly constructed. Unacceptable material used. Non-food contact surface or equipment improperly maintained and/or not properly sealed, raised, spaced or movable to allow accessibility for cleaning on all sides, above and underneath the unit.",Not Critical,8,A,8/12/14,6/6/16,Cycle Inspection / Re-inspection
40579869,11/30/15,Violations were cited in the following area(s).,02B,Hot food item not held at or above 140_ F.,Critical,9,A,11/30/15,6/6/16,Cycle Inspection / Re-inspection
50010066,2/17/15,Violations were cited in the following area(s).,06B,"Tobacco use, eating, or drinking from open container in food preparation, food storage or dishwashing area observed.",Critical,12,A,2/17/15,6/6/16,Cycle Inspection / Initial Inspection
41559082,11/29/12,Violations were cited in the following area(s).,04N,"Filth flies or food/refuse/sewage-associated (FRSA) flies present in facilitys food and/or non-food areas. Filth flies include house flies, little house flies, blow flies, bottle flies and flesh flies. Food/refuse/sewage-associated flies include fruit flies, drain flies and Phorid flies.",Critical,11,,,6/6/16,Cycle Inspection / Initial Inspection
41613627,3/31/14,Violations were cited in the following area(s).,10H,Proper sanitization not provided for utensil ware washing operation.,Not Critical,11,A,3/31/14,6/6/16,Cycle Inspection / Re-inspection
50018316,6/3/15,Violations were cited in the following area(s).,04J,"Appropriately scaled metal stem-type thermometer or thermocouple not provided or used to evaluate temperatures of potentially hazardous foods during cooking, cooling, reheating and holding.",Critical,18,,,6/6/16,Pre-permit (Operational) / Initial Inspection
40557279,6/3/13,Violations were cited in the following area(s).,09C,Food contact surface not properly maintained.,Not Critical,27,B,6/3/13,6/6/16,Cycle Inspection / Re-inspection
41469996,3/14/16,Violations were cited in the following area(s).,10F,"Non-food contact surface improperly constructed. Unacceptable material used. Non-food contact surface or equipment improperly maintained and/or not properly sealed, raised, spaced or movable to allow accessibility for cleaning on all sides, above and underneath the unit.",Not Critical,49,Z,3/14/16,6/6/16,Cycle Inspection / Re-inspection
50045890,5/18/16,Violations were cited in the following area(s).,10B,Plumbing not properly installed or maintained; anti-siphonage or backflow prevention device not provided where required; equipment or floor not properly drained; sewage disposal system in disrepair or not functioning properly.,Not Critical,20,Not Yet Graded,5/7/14,6/6/16,Pre-permit (Operational) / Initial Inspection
41204498,5/3/12,Violations were cited in the following area(s).,02B,Hot food item not held at or above 140_ F.,Critical,18,A,5/10/13,6/6/16,Cycle Inspection / Initial Inspection
41210614,12/18/14,Violations were cited in the following area(s).,02G,Cold food item held above 41_ F (smoked fish and reduced oxygen packaged foods above 38 ) except during necessary preparation.,Critical,25,B,1/6/16,6/6/16,Cycle Inspection / Initial Inspection
40513798,3/4/15,Violations were cited in the following area(s).,04C,Food worker does not use proper utensil to eliminate bare hand contact with food that will not receive adequate additional heat treatment.,Critical,26,A,5/22/14,6/6/16,Cycle Inspection / Initial Inspection
41638913,5/7/14,Violations were cited in the following area(s).,16B,"The original nutritional fact labels and/or ingredient label for a cooking oil, shortening or margarine or food item sold in bulk, or acceptable manufacturers documentation not maintained on site.",Not Critical,2,A,3/31/14,6/6/16,Trans Fat / Initial Inspection
41263597,7/6/13,Violations were cited in the following area(s).,04M,Live roaches present in facility's food and/or non-food areas.,Critical,17,,,6/6/16,Cycle Inspection / Initial Inspection
50014605,1/5/16,Violations were cited in the following area(s).,08A,Facility not vermin proof. Harborage or conditions conducive to attracting vermin to the premises and/or allowing vermin to exist.,Not Critical,17,B,1/5/16,6/6/16,Cycle Inspection / Re-inspection
41268295,2/22/16,Violations were cited in the following area(s).,16C,"Caloric content not posted on menus, menu boards or food tags, in a food service establishment that is 1 of 15 or more outlets operating the same type of business nationally under common ownership or control, or as a franchise or doing business under the same name, for each menu item that is served in portions, the size and content of which are standardized.",Not Critical,16,B,6/3/15,6/6/16,Calorie Posting / Initial Inspection
40965047,9/18/13,Violations were cited in the following area(s).,06C,"Food not protected from potential source of contamination during storage, preparation, transportation, display or service.",Critical,15,A,3/17/14,6/6/16,Cycle Inspection / Initial Inspection
41004067,7/29/14,Violations were cited in the following area(s).,04M,Live roaches present in facility's food and/or non-food areas.,Critical,20,B,7/29/14,6/6/16,Cycle Inspection / Re-inspection
41674675,7/15/13,Violations were cited in the following area(s).,10H,Proper sanitization not provided for utensil ware washing operation.,Not Critical,15,,,6/6/16,Cycle Inspection / Initial Inspection
40525193,5/1/13,Violations were cited in the following area(s).,10F,"Non-food contact surface improperly constructed. Unacceptable material used. Non-food contact surface or equipment improperly maintained and/or not properly sealed, raised, spaced or movable to allow accessibility for cleaning on all sides, above and underneath the unit.",Not Critical,11,A,5/1/13,6/6/16,Cycle Inspection / Initial Inspection
41459070,5/21/13,Violations were cited in the following area(s).,09C,Food contact surface not properly maintained.,Not Critical,37,A,6/5/13,6/6/16,Cycle Inspection / Initial Inspection
41308685,7/24/14,Violations were cited in the following area(s).,10D,"Mechanical or natural ventilation system not provided, improperly installed, in disrepair and/or fails to prevent excessive build-up of grease, heat, steam condensation vapors, odors, smoke, and fumes.",Not Critical,20,,,6/6/16,Cycle Inspection / Initial Inspection
41683562,10/3/13,Violations were cited in the following area(s).,04M,Live roaches present in facility's food and/or non-food areas.,Critical,9,A,10/3/13,6/6/16,Cycle Inspection / Initial Inspection
50000516,9/5/13,Violations were cited in the following area(s).,06D,"Food contact surface not properly washed, rinsed and sanitized after each use and following any activity when contamination may have occurred.",Critical,28,A,11/15/13,6/6/16,Pre-permit (Operational) / Initial Inspection
40547031,1/21/16,Violations were cited in the following area(s).,04M,Live roaches present in facility's food and/or non-food areas.,Critical,11,B,7/16/14,6/6/16,Cycle Inspection / Initial Inspection
41268058,3/27/13,Violations were cited in the following area(s).,08A,Facility not vermin proof. Harborage or conditions conducive to attracting vermin to the premises and/or allowing vermin to exist.,Not Critical,18,,,6/6/16,Cycle Inspection / Initial Inspection
41576618,12/19/13,Violations were cited in the following area(s).,16B,"The original nutritional fact labels and/or ingredient label for a cooking oil, shortening or margarine or food item sold in bulk, or acceptable manufacturers documentation not maintained on site.",Not Critical,17,,,6/6/16,Trans Fat / Re-inspection
41321686,3/21/16,Violations were cited in the following area(s).,10F,"Non-food contact surface improperly constructed. Unacceptable material used. Non-food contact surface or equipment improperly maintained and/or not properly sealed, raised, spaced or movable to allow accessibility for cleaning on all sides, above and underneath the unit.",Not Critical,21,B,3/21/16,6/6/16,Cycle Inspection / Re-inspection
50018698,7/31/15,Violations were cited in the following area(s).,04L,Evidence of mice or live mice present in facility's food and/or non-food areas.,Critical,12,C,9/12/14,6/6/16,Cycle Inspection / Initial Inspection
41592382,10/15/13,Violations were cited in the following area(s).,10F,"Non-food contact surface improperly constructed. Unacceptable material used. Non-food contact surface or equipment improperly maintained and/or not properly sealed, raised, spaced or movable to allow accessibility for cleaning on all sides, above and underneath the unit.",Not Critical,10,A,10/15/13,6/6/16,Cycle Inspection / Initial Inspection
41446358,9/18/15,Violations were cited in the following area(s).,10H,Proper sanitization not provided for utensil ware washing operation.,Not Critical,9,A,9/18/15,6/6/16,Cycle Inspection / Initial Inspection
50018749,4/22/15,Violations were cited in the following area(s).,06D,"Food contact surface not properly washed, rinsed and sanitized after each use and following any activity when contamination may have occurred.",Critical,18,A,12/9/15,6/6/16,Pre-permit (Operational) / Compliance Inspection
41677489,5/8/13,Violations were cited in the following area(s).,06D,"Food contact surface not properly washed, rinsed and sanitized after each use and following any activity when contamination may have occurred.",Critical,11,A,5/8/13,6/6/16,Cycle Inspection / Re-inspection
50015312,11/29/14,Violations were cited in the following area(s).,06E,"Sanitized equipment or utensil, including in-use food dispensing utensil, improperly used or stored.",Critical,35,B,6/25/14,6/6/16,Pre-permit (Operational) / Initial Inspection
41343666,9/15/14,Violations were cited in the following area(s).,04N,"Filth flies or food/refuse/sewage-associated (FRSA) flies present in facilitys food and/or non-food areas. Filth flies include house flies, little house flies, blow flies, bottle flies and flesh flies. Food/refuse/sewage-associated flies include fruit flies, drain flies and Phorid flies.",Critical,10,A,9/15/14,6/6/16,Cycle Inspection / Re-inspection
50015695,10/30/14,Violations were cited in the following area(s).,10B,Plumbing not properly installed or maintained; anti-siphonage or backflow prevention device not provided where required; equipment or floor not properly drained; sewage disposal system in disrepair or not functioning properly.,Not Critical,2,A,10/30/14,6/6/16,Pre-permit (Operational) / Initial Inspection
41711975,7/15/15,Violations were cited in the following area(s).,10F,"Non-food contact surface improperly constructed. Unacceptable material used. Non-food contact surface or equipment improperly maintained and/or not properly sealed, raised, spaced or movable to allow accessibility for cleaning on all sides, above and underneath the unit.",Not Critical,25,B,7/15/15,6/6/16,Cycle Inspection / Re-inspection
50009230,8/16/14,Violations were cited in the following area(s).,04N,"Filth flies or food/refuse/sewage-associated (FRSA) flies present in facilitys food and/or non-food areas. Filth flies include house flies, little house flies, blow flies, bottle flies and flesh flies. Food/refuse/sewage-associated flies include fruit flies, drain flies and Phorid flies.",Critical,26,A,3/14/14,6/6/16,Cycle Inspection / Initial Inspection
50012050,9/22/15,Violations were cited in the following area(s).,04N,"Filth flies or food/refuse/sewage-associated (FRSA) flies present in facilitys food and/or non-food areas. Filth flies include house flies, little house flies, blow flies, bottle flies and flesh flies. Food/refuse/sewage-associated flies include fruit flies, drain flies and Phorid flies.",Critical,17,B,9/22/15,6/6/16,Cycle Inspection / Re-inspection
40394258,9/17/13,Violations were cited in the following area(s).,04H,"Raw, cooked or prepared food is adulterated, contaminated, cross-contaminated, or not discarded in accordance with HACCP plan.",Critical,10,A,9/17/13,6/6/16,Cycle Inspection / Re-inspection
41642708,6/17/15,Violations were cited in the following area(s).,10F,"Non-food contact surface improperly constructed. Unacceptable material used. Non-food contact surface or equipment improperly maintained and/or not properly sealed, raised, spaced or movable to allow accessibility for cleaning on all sides, above and underneath the unit.",Not Critical,2,A,6/17/15,6/6/16,Cycle Inspection / Re-inspection
40574872,4/28/16,Violations were cited in the following area(s).,06C,"Food not protected from potential source of contamination during storage, preparation, transportation, display or service.",Critical,13,A,4/28/16,6/6/16,Cycle Inspection / Initial Inspection
41698355,11/30/13,Violations were cited in the following area(s).,06C,"Food not protected from potential source of contamination during storage, preparation, transportation, display or service.",Critical,19,B,11/30/13,6/6/16,Cycle Inspection / Re-inspection
40400561,9/10/15,Violations were cited in the following area(s).,10B,Plumbing not properly installed or maintained; anti-siphonage or backflow prevention device not provided where required; equipment or floor not properly drained; sewage disposal system in disrepair or not functioning properly.,Not Critical,13,A,9/10/15,6/6/16,Cycle Inspection / Re-inspection
40919065,10/5/15,Violations were cited in the following area(s).,04M,Live roaches present in facility's food and/or non-food areas.,Critical,16,A,2/3/16,6/6/16,Cycle Inspection / Initial Inspection
50017018,12/22/14,Violations were cited in the following area(s).,06C,"Food not protected from potential source of contamination during storage, preparation, transportation, display or service.",Critical,7,A,3/18/16,6/6/16,Pre-permit (Operational) / Initial Inspection
40927881,12/9/13,Violations were cited in the following area(s).,04N,"Filth flies or food/refuse/sewage-associated (FRSA) flies present in facilitys food and/or non-food areas. Filth flies include house flies, little house flies, blow flies, bottle flies and flesh flies. Food/refuse/sewage-associated flies include fruit flies, drain flies and Phorid flies.",Critical,9,A,12/9/13,6/6/16,Cycle Inspection / Re-inspection
50007253,4/15/16,Violations were cited in the following area(s).,04L,Evidence of mice or live mice present in facility's food and/or non-food areas.,Critical,13,,,6/6/16,Cycle Inspection / Initial Inspection
41269424,5/14/14,Violations were cited in the following area(s).,10F,"Non-food contact surface improperly constructed. Unacceptable material used. Non-food contact surface or equipment improperly maintained and/or not properly sealed, raised, spaced or movable to allow accessibility for cleaning on all sides, above and underneath the unit.",Not Critical,27,A,1/25/13,6/6/16,Cycle Inspection / Initial Inspection
41211246,1/22/16,Violations were cited in the following area(s).,02G,Cold food item held above 41_ F (smoked fish and reduced oxygen packaged foods above 38 ) except during necessary preparation.,Critical,19,,,6/6/16,Cycle Inspection / Initial Inspection
50016309,10/9/15,Violations were cited in the following area(s).,02H,"Food not cooled by an approved method whereby the internal product temperature is reduced from 140_ F to 70_ F or less within 2 hours, and from 70_ F to 41_ F or less within 4 additional hours.",Critical,8,A,10/9/15,6/6/16,Cycle Inspection / Re-inspection
41664273,10/24/13,Violations were cited in the following area(s).,04A,Food Protection Certificate not held by supervisor of food operations.,Critical,19,A,6/3/14,6/6/16,Cycle Inspection / Initial Inspection
40749331,11/7/13,Violations were cited in the following area(s).,16B,"The original nutritional fact labels and/or ingredient label for a cooking oil, shortening or margarine or food item sold in bulk, or acceptable manufacturers documentation not maintained on site.",Not Critical,20,,,6/6/16,Trans Fat / Initial Inspection
40370939,10/3/14,Violations were cited in the following area(s).,10F,"Non-food contact surface improperly constructed. Unacceptable material used. Non-food contact surface or equipment improperly maintained and/or not properly sealed, raised, spaced or movable to allow accessibility for cleaning on all sides, above and underneath the unit.",Not Critical,12,A,10/3/14,6/6/16,Cycle Inspection / Initial Inspection
40667700,11/14/14,No violations were recorded at the time of this inspection.,02G,Cold food item held above 41_ F (smoked fish and reduced oxygen packaged foods above 38 ) except during necessary preparation.,Not Applicable,38,,,6/6/16,Administrative Miscellaneous / Initial Inspection
50017612,6/15/15,Violations were cited in the following area(s).,10F,"Non-food contact surface improperly constructed. Unacceptable material used. Non-food contact surface or equipment improperly maintained and/or not properly sealed, raised, spaced or movable to allow accessibility for cleaning on all sides, above and underneath the unit.",Not Critical,9,A,6/15/15,6/6/16,Cycle Inspection / Initial Inspection
50016347,12/24/14,Violations were cited in the following area(s).,16B,"The original nutritional fact labels and/or ingredient label for a cooking oil, shortening or margarine or food item sold in bulk, or acceptable manufacturers documentation not maintained on site.",Not Critical,21,C,7/8/14,6/6/16,Trans Fat / Initial Inspection
41087509,6/19/13,Violations were cited in the following area(s).,08A,Facility not vermin proof. Harborage or conditions conducive to attracting vermin to the premises and/or allowing vermin to exist.,Not Critical,44,A,2/1/16,6/6/16,Cycle Inspection / Initial Inspection
50006268,12/11/14,Violations were cited in the following area(s).,02B,Hot food item not held at or above 140_ F.,Critical,9,A,12/11/14,6/6/16,Cycle Inspection / Initial Inspection
41221266,6/25/13,Violations were cited in the following area(s).,06D,"Food contact surface not properly washed, rinsed and sanitized after each use and following any activity when contamination may have occurred.",Critical,13,A,6/25/13,6/6/16,Cycle Inspection / Re-inspection
40710515,2/5/16,Violations were cited in the following area(s).,04N,"Filth flies or food/refuse/sewage-associated (FRSA) flies present in facilitys food and/or non-food areas. Filth flies include house flies, little house flies, blow flies, bottle flies and flesh flies. Food/refuse/sewage-associated flies include fruit flies, drain flies and Phorid flies.",Critical,13,A,2/5/16,6/6/16,Cycle Inspection / Initial Inspection
41444302,5/8/15,Violations were cited in the following area(s).,10F,"Non-food contact surface improperly constructed. Unacceptable material used. Non-food contact surface or equipment improperly maintained and/or not properly sealed, raised, spaced or movable to allow accessibility for cleaning on all sides, above and underneath the unit.",Not Critical,9,A,4/1/14,6/6/16,Cycle Inspection / Initial Inspection
40666989,10/30/14,Violations were cited in the following area(s).,10I,"Single service item reused, improperly stored, dispensed; not used when required.",Not Critical,9,A,10/30/14,6/6/16,Cycle Inspection / Initial Inspection
41489740,3/10/14,Violations were cited in the following area(s).,06E,"Sanitized equipment or utensil, including in-use food dispensing utensil, improperly used or stored.",Critical,18,A,9/24/15,6/6/16,Cycle Inspection / Initial Inspection
50016818,2/18/15,Violations were cited in the following area(s).,02B,Hot food item not held at or above 140_ F.,Critical,39,C,2/18/15,6/6/16,Pre-permit (Operational) / Re-inspection
41468627,12/31/14,Violations were cited in the following area(s).,04N,"Filth flies or food/refuse/sewage-associated (FRSA) flies present in facilitys food and/or non-food areas. Filth flies include house flies, little house flies, blow flies, bottle flies and flesh flies. Food/refuse/sewage-associated flies include fruit flies, drain flies and Phorid flies.",Critical,47,A,3/10/14,6/6/16,Cycle Inspection / Initial Inspection
40389243,11/19/12,Violations were cited in the following area(s).,10F,"Non-food contact surface improperly constructed. Unacceptable material used. Non-food contact surface or equipment improperly maintained and/or not properly sealed, raised, spaced or movable to allow accessibility for cleaning on all sides, above and underneath the unit.",Not Critical,13,A,11/19/12,6/6/16,Cycle Inspection / Re-inspection
50005675,4/14/15,Violations were cited in the following area(s).,04L,Evidence of mice or live mice present in facility's food and/or non-food areas.,Critical,43,B,2/6/14,6/6/16,Cycle Inspection / Initial Inspection
41287315,11/15/12,Violations were cited in the following area(s).,06F,Wiping cloths soiled or not stored in sanitizing solution.,Critical,24,,,6/6/16,Cycle Inspection / Initial Inspection
50005403,3/10/16,Violations were cited in the following area(s).,15S,Flavored tobacco products sold or offered for sale.,Not Critical,9,A,6/12/15,6/6/16,Smoke-Free Air Act / Initial Inspection
41188374,12/20/14,Violations were cited in the following area(s).,02G,Cold food item held above 41_ F (smoked fish and reduced oxygen packaged foods above 38 ) except during necessary preparation.,Critical,29,B,1/16/14,6/6/16,Cycle Inspection / Initial Inspection
41389296,4/27/15,Violations were cited in the following area(s).,04L,Evidence of mice or live mice present in facility's food and/or non-food areas.,Critical,13,,,6/6/16,Cycle Inspection / Initial Inspection
41629811,8/19/14,Violations were cited in the following area(s).,10F,"Non-food contact surface improperly constructed. Unacceptable material used. Non-food contact surface or equipment improperly maintained and/or not properly sealed, raised, spaced or movable to allow accessibility for cleaning on all sides, above and underneath the unit.",Not Critical,10,A,8/19/14,6/6/16,Cycle Inspection / Initial Inspection
41304410,3/26/16,Violations were cited in the following area(s).,04L,Evidence of mice or live mice present in facility's food and/or non-food areas.,Critical,22,,,6/6/16,Cycle Inspection / Initial Inspection
41410290,11/27/12,Violations were cited in the following area(s).,02G,Cold food item held above 41_ F (smoked fish and reduced oxygen packaged foods above 38 ) except during necessary preparation.,Critical,30,C,10/7/14,6/6/16,Cycle Inspection / Initial Inspection
41476227,1/26/15,Violations were cited in the following area(s).,10F,"Non-food contact surface improperly constructed. Unacceptable material used. Non-food contact surface or equipment improperly maintained and/or not properly sealed, raised, spaced or movable to allow accessibility for cleaning on all sides, above and underneath the unit.",Not Critical,9,A,1/26/15,6/6/16,Cycle Inspection / Re-inspection
41322562,8/7/13,Violations were cited in the following area(s).,06D,"Food contact surface not properly washed, rinsed and sanitized after each use and following any activity when contamination may have occurred.",Critical,8,A,8/7/13,6/6/16,Cycle Inspection / Re-inspection
40549443,6/30/14,Violations were cited in the following area(s).,04L,Evidence of mice or live mice present in facility's food and/or non-food areas.,Critical,10,A,6/30/14,6/6/16,Cycle Inspection / Re-inspection
41681106,4/29/15,Violations were cited in the following area(s).,05E,Toilet facility not provided for employees or for patrons when required.,Critical,12,A,4/29/15,6/6/16,Cycle Inspection / Initial Inspection
50012690,10/21/15,Violations were cited in the following area(s).,04N,"Filth flies or food/refuse/sewage-associated (FRSA) flies present in facilitys food and/or non-food areas. Filth flies include house flies, little house flies, blow flies, bottle flies and flesh flies. Food/refuse/sewage-associated flies include fruit flies, drain flies and Phorid flies.",Critical,17,A,8/31/15,6/6/16,Cycle Inspection / Initial Inspection
40609087,7/12/13,Violations were cited in the following area(s).,10D,"Mechanical or natural ventilation system not provided, improperly installed, in disrepair and/or fails to prevent excessive build-up of grease, heat, steam condensation vapors, odors, smoke, and fumes.",Not Critical,13,A,3/21/16,6/6/16,Cycle Inspection / Initial Inspection
40390235,3/6/15,Violations were cited in the following area(s).,08A,Facility not vermin proof. Harborage or conditions conducive to attracting vermin to the premises and/or allowing vermin to exist.,Not Critical,11,A,3/6/15,6/6/16,Cycle Inspection / Re-inspection
41622829,1/18/14,Violations were cited in the following area(s).,04L,Evidence of mice or live mice present in facility's food and/or non-food areas.,Critical,14,B,1/18/14,6/6/16,Cycle Inspection / Re-inspection
41046492,1/21/14,Violations were cited in the following area(s).,06F,Wiping cloths soiled or not stored in sanitizing solution.,Critical,32,A,2/18/16,6/6/16,Cycle Inspection / Initial Inspection
41241023,6/30/15,Violations were cited in the following area(s).,04N,"Filth flies or food/refuse/sewage-associated (FRSA) flies present in facilitys food and/or non-food areas. Filth flies include house flies, little house flies, blow flies, bottle flies and flesh flies. Food/refuse/sewage-associated flies include fruit flies, drain flies and Phorid flies.",Critical,12,A,6/30/15,6/6/16,Cycle Inspection / Initial Inspection
41632528,7/1/13,Violations were cited in the following area(s).,10F,"Non-food contact surface improperly constructed. Unacceptable material used. Non-food contact surface or equipment improperly maintained and/or not properly sealed, raised, spaced or movable to allow accessibility for cleaning on all sides, above and underneath the unit.",Not Critical,11,A,7/1/13,6/6/16,Cycle Inspection / Initial Inspection
41114613,2/24/16,Violations were cited in the following area(s).,06C,"Food not protected from potential source of contamination during storage, preparation, transportation, display or service.",Critical,7,A,2/24/16,6/6/16,Cycle Inspection / Re-inspection
41298602,6/25/15,Violations were cited in the following area(s).,06D,"Food contact surface not properly washed, rinsed and sanitized after each use and following any activity when contamination may have occurred.",Critical,24,A,4/4/16,6/6/16,Cycle Inspection / Initial Inspection
50016608,1/6/15,Violations were cited in the following area(s).,02B,Hot food item not held at or above 140_ F.,Critical,7,A,1/6/15,6/6/16,Pre-permit (Operational) / Re-inspection
41554321,7/25/13,Violations were cited in the following area(s).,04M,Live roaches present in facility's food and/or non-food areas.,Critical,55,A,10/22/14,6/6/16,Cycle Inspection / Initial Inspection
41319055,7/31/13,Violations were cited in the following area(s).,02B,Hot food item not held at or above 140_ F.,Critical,17,B,7/31/13,6/6/16,Cycle Inspection / Re-inspection
41525094,2/19/13,Violations were cited in the following area(s).,10F,"Non-food contact surface improperly constructed. Unacceptable material used. Non-food contact surface or equipment improperly maintained and/or not properly sealed, raised, spaced or movable to allow accessibility for cleaning on all sides, above and underneath the unit.",Not Critical,13,A,2/19/13,6/6/16,Cycle Inspection / Re-inspection
40987023,10/14/14,Violations were cited in the following area(s).,02A,Food not cooked to required minimum temperature.,Critical,84,C,10/14/14,6/6/16,Cycle Inspection / Re-inspection
40997599,3/28/13,Violations were cited in the following area(s).,06C,"Food not protected from potential source of contamination during storage, preparation, transportation, display or service.",Critical,45,,,6/6/16,Cycle Inspection / Initial Inspection
41318874,1/29/15,Violations were cited in the following area(s).,02G,Cold food item held above 41_ F (smoked fish and reduced oxygen packaged foods above 38 ) except during necessary preparation.,Critical,12,A,1/29/15,6/6/16,Cycle Inspection / Re-inspection
41624356,6/6/14,Violations were cited in the following area(s).,20F,Current letter grade card not posted.,Not Critical,30,C,2/22/14,6/6/16,Administrative Miscellaneous / Re-inspection
41343720,6/2/15,Violations were cited in the following area(s).,06C,"Food not protected from potential source of contamination during storage, preparation, transportation, display or service.",Critical,5,A,6/2/15,6/6/16,Cycle Inspection / Re-inspection
41213055,9/18/14,Violations were cited in the following area(s).,10B,Plumbing not properly installed or maintained; anti-siphonage or backflow prevention device not provided where required; equipment or floor not properly drained; sewage disposal system in disrepair or not functioning properly.,Not Critical,2,A,9/18/14,6/6/16,Cycle Inspection / Re-inspection
41690948,1/24/15,Violations were cited in the following area(s).,16B,"The original nutritional fact labels and/or ingredient label for a cooking oil, shortening or margarine or food item sold in bulk, or acceptable manufacturers documentation not maintained on site.",Not Critical,50,,,6/6/16,Trans Fat / Initial Inspection
41363595,9/26/13,Violations were cited in the following area(s).,04H,"Raw, cooked or prepared food is adulterated, contaminated, cross-contaminated, or not discarded in accordance with HACCP plan.",Critical,25,A,3/14/16,6/6/16,Cycle Inspection / Initial Inspection
41448361,11/16/15,Violations were cited in the following area(s).,09C,Food contact surface not properly maintained.,Not Critical,25,A,3/26/14,6/6/16,Cycle Inspection / Initial Inspection
41387129,2/18/15,Violations were cited in the following area(s).,10F,"Non-food contact surface improperly constructed. Unacceptable material used. Non-food contact surface or equipment improperly maintained and/or not properly sealed, raised, spaced or movable to allow accessibility for cleaning on all sides, above and underneath the unit.",Not Critical,12,A,2/18/15,6/6/16,Cycle Inspection / Initial Inspection
41300058,6/1/12,Violations were cited in the following area(s).,08A,Facility not vermin proof. Harborage or conditions conducive to attracting vermin to the premises and/or allowing vermin to exist.,Not Critical,28,,,6/6/16,Cycle Inspection / Initial Inspection
41262493,4/15/15,Violations were cited in the following area(s).,10F,"Non-food contact surface improperly constructed. Unacceptable material used. Non-food contact surface or equipment improperly maintained and/or not properly sealed, raised, spaced or movable to allow accessibility for cleaning on all sides, above and underneath the unit.",Not Critical,26,A,6/1/16,6/6/16,Cycle Inspection / Initial Inspection
41147269,11/18/14,Establishment Closed by DOHMH.  Violations were cited in the following area(s) and those requiring immediate action were addressed.,08A,Facility not vermin proof. Harborage or conditions conducive to attracting vermin to the premises and/or allowing vermin to exist.,Not Critical,55,B,9/8/14,6/6/16,Cycle Inspection / Re-inspection
41534490,6/13/13,Violations were cited in the following area(s).,04H,"Raw, cooked or prepared food is adulterated, contaminated, cross-contaminated, or not discarded in accordance with HACCP plan.",Critical,9,A,6/13/13,6/6/16,Cycle Inspection / Initial Inspection
50034992,2/29/16,Violations were cited in the following area(s).,08A,Facility not vermin proof. Harborage or conditions conducive to attracting vermin to the premises and/or allowing vermin to exist.,Not Critical,21,B,2/29/16,6/6/16,Cycle Inspection / Re-inspection
41628821,12/29/15,Violations were cited in the following area(s).,10F,"Non-food contact surface improperly constructed. Unacceptable material used. Non-food contact surface or equipment improperly maintained and/or not properly sealed, raised, spaced or movable to allow accessibility for cleaning on all sides, above and underneath the unit.",Not Critical,4,A,12/29/15,6/6/16,Cycle Inspection / Initial Inspection
40829164,5/31/16,Violations were cited in the following area(s).,22A,"Nuisance created or allowed to exist. Facility not free from unsafe, hazardous, offensive or annoying conditions.",Not Critical,23,A,4/1/15,6/6/16,Administrative Miscellaneous / Initial Inspection
40717559,5/22/14,Violations were cited in the following area(s).,02G,Cold food item held above 41_ F (smoked fish and reduced oxygen packaged foods above 38 ) except during necessary preparation.,Critical,12,A,5/22/14,6/6/16,Cycle Inspection / Initial Inspection
41286452,8/5/13,Violations were cited in the following area(s).,06A,Personal cleanliness inadequate. Outer garment soiled with possible contaminant.  Effective hair restraint not worn in an area where food is prepared.,Critical,13,A,8/5/13,6/6/16,Cycle Inspection / Re-inspection
41345732,4/27/16,Violations were cited in the following area(s).,20E,Letter Grade or Grade Pending card not conspicuously posted and visible to passersby.,Not Critical,9,A,3/6/15,6/6/16,Administrative Miscellaneous / Initial Inspection
41453387,6/27/13,Violations were cited in the following area(s).,20F,Current letter grade card not posted.,Not Critical,24,B,10/22/13,6/6/16,Administrative Miscellaneous / Initial Inspection
50037622,6/17/15,No violations were recorded at the time of this inspection.,10F,"Non-food contact surface improperly constructed. Unacceptable material used. Non-food contact surface or equipment improperly maintained and/or not properly sealed, raised, spaced or movable to allow accessibility for cleaning on all sides, above and underneath the unit.",Not Applicable,0,A,6/2/14,6/6/16,Pre-permit (Non-operational) / Initial Inspection
41375676,4/9/14,Violations were cited in the following area(s).,08A,Facility not vermin proof. Harborage or conditions conducive to attracting vermin to the premises and/or allowing vermin to exist.,Not Critical,9,A,4/9/14,6/6/16,Cycle Inspection / Re-inspection
41177886,2/8/14,Violations were cited in the following area(s).,06D,"Food contact surface not properly washed, rinsed and sanitized after each use and following any activity when contamination may have occurred.",Critical,35,,,6/6/16,Cycle Inspection / Initial Inspection
41164644,12/10/13,Violations were cited in the following area(s).,10B,Plumbing not properly installed or maintained; anti-siphonage or backflow prevention device not provided where required; equipment or floor not properly drained; sewage disposal system in disrepair or not functioning properly.,Not Critical,20,A,8/15/13,6/6/16,Cycle Inspection / Initial Inspection
40976304,12/11/13,Violations were cited in the following area(s).,04L,Evidence of mice or live mice present in facility's food and/or non-food areas.,Critical,6,A,12/11/13,6/6/16,Cycle Inspection / Re-inspection
41396810,8/18/14,Violations were cited in the following area(s).,10F,"Non-food contact surface improperly constructed. Unacceptable material used. Non-food contact surface or equipment improperly maintained and/or not properly sealed, raised, spaced or movable to allow accessibility for cleaning on all sides, above and underneath the unit.",Not Critical,21,,,6/6/16,Cycle Inspection / Initial Inspection
40918355,2/12/13,Violations were cited in the following area(s).,08A,Facility not vermin proof. Harborage or conditions conducive to attracting vermin to the premises and/or allowing vermin to exist.,Not Critical,40,C,2/12/13,6/6/16,Cycle Inspection / Re-inspection
41466809,3/18/16,Violations were cited in the following area(s).,09C,Food contact surface not properly maintained.,Not Critical,10,A,3/18/16,6/6/16,Cycle Inspection / Initial Inspection
41646934,10/24/15,Violations were cited in the following area(s).,04M,Live roaches present in facility's food and/or non-food areas.,Critical,24,B,10/24/15,6/6/16,Cycle Inspection / Re-inspection
40402231,9/21/15,Violations were cited in the following area(s).,09C,Food contact surface not properly maintained.,Not Critical,7,A,9/21/15,6/6/16,Cycle Inspection / Re-inspection
41273111,11/15/12,Violations were cited in the following area(s).,02G,Cold food item held above 41_ F (smoked fish and reduced oxygen packaged foods above 38 ) except during necessary preparation.,Critical,51,A,12/21/15,6/6/16,Cycle Inspection / Initial Inspection
50001545,3/19/15,Violations were cited in the following area(s).,10F,"Non-food contact surface improperly constructed. Unacceptable material used. Non-food contact surface or equipment improperly maintained and/or not properly sealed, raised, spaced or movable to allow accessibility for cleaning on all sides, above and underneath the unit.",Not Critical,12,A,3/19/15,6/6/16,Cycle Inspection / Initial Inspection
40515675,2/28/16,Violations were cited in the following area(s).,08A,Facility not vermin proof. Harborage or conditions conducive to attracting vermin to the premises and/or allowing vermin to exist.,Not Critical,9,A,7/30/15,6/6/16,Cycle Inspection / Initial Inspection
50033471,5/25/16,Violations were cited in the following area(s).,06F,Wiping cloths soiled or not stored in sanitizing solution.,Critical,35,,,6/6/16,Cycle Inspection / Initial Inspection
41097273,7/28/14,Violations were cited in the following area(s).,04J,"Appropriately scaled metal stem-type thermometer or thermocouple not provided or used to evaluate temperatures of potentially hazardous foods during cooking, cooling, reheating and holding.",Critical,38,,,6/6/16,Cycle Inspection / Initial Inspection
41372363,1/6/15,Violations were cited in the following area(s).,04A,Food Protection Certificate not held by supervisor of food operations.,Critical,12,A,1/6/15,6/6/16,Cycle Inspection / Re-inspection
40423654,11/19/15,Violations were cited in the following area(s).,04L,Evidence of mice or live mice present in facility's food and/or non-food areas.,Critical,25,B,5/28/13,6/6/16,Cycle Inspection / Initial Inspection
41629922,2/14/13,Violations were cited in the following area(s).,10F,"Non-food contact surface improperly constructed. Unacceptable material used. Non-food contact surface or equipment improperly maintained and/or not properly sealed, raised, spaced or movable to allow accessibility for cleaning on all sides, above and underneath the unit.",Not Critical,8,A,2/14/13,6/6/16,Cycle Inspection / Re-inspection
41226135,7/3/13,Violations were cited in the following area(s).,06E,"Sanitized equipment or utensil, including in-use food dispensing utensil, improperly used or stored.",Critical,36,A,4/23/15,6/6/16,Cycle Inspection / Initial Inspection
41695857,10/15/14,Establishment Closed by DOHMH.  Violations were cited in the following area(s) and those requiring immediate action were addressed.,04M,Live roaches present in facility's food and/or non-food areas.,Critical,45,B,9/2/14,6/6/16,Cycle Inspection / Re-inspection
41630803,2/5/16,Violations were cited in the following area(s).,10F,"Non-food contact surface improperly constructed. Unacceptable material used. Non-food contact surface or equipment improperly maintained and/or not properly sealed, raised, spaced or movable to allow accessibility for cleaning on all sides, above and underneath the unit.",Not Critical,8,A,2/5/16,6/6/16,Cycle Inspection / Initial Inspection
50005974,3/5/15,Violations were cited in the following area(s).,10B,Plumbing not properly installed or maintained; anti-siphonage or backflow prevention device not provided where required; equipment or floor not properly drained; sewage disposal system in disrepair or not functioning properly.,Not Critical,23,A,3/14/16,6/6/16,Cycle Inspection / Initial Inspection
41656679,3/11/15,Violations were cited in the following area(s).,10B,Plumbing not properly installed or maintained; anti-siphonage or backflow prevention device not provided where required; equipment or floor not properly drained; sewage disposal system in disrepair or not functioning properly.,Not Critical,5,A,3/11/15,6/6/16,Cycle Inspection / Initial Inspection
50018166,3/5/15,Violations were cited in the following area(s).,10F,"Non-food contact surface improperly constructed. Unacceptable material used. Non-food contact surface or equipment improperly maintained and/or not properly sealed, raised, spaced or movable to allow accessibility for cleaning on all sides, above and underneath the unit.",Not Critical,8,A,3/5/15,6/6/16,Pre-permit (Operational) / Re-inspection
40718574,6/11/14,Violations were cited in the following area(s).,02G,Cold food item held above 41_ F (smoked fish and reduced oxygen packaged foods above 38 ) except during necessary preparation.,Critical,56,A,2/24/15,6/6/16,Cycle Inspection / Initial Inspection
41711191,4/2/13,Violations were cited in the following area(s).,10F,"Non-food contact surface improperly constructed. Unacceptable material used. Non-food contact surface or equipment improperly maintained and/or not properly sealed, raised, spaced or movable to allow accessibility for cleaning on all sides, above and underneath the unit.",Not Critical,11,A,4/2/13,6/6/16,Pre-permit (Operational) / Re-inspection
50000395,5/30/14,Violations were cited in the following area(s).,10F,"Non-food contact surface improperly constructed. Unacceptable material used. Non-food contact surface or equipment improperly maintained and/or not properly sealed, raised, spaced or movable to allow accessibility for cleaning on all sides, above and underneath the unit.",Not Critical,2,A,5/30/14,6/6/16,Cycle Inspection / Initial Inspection
41191561,3/31/15,Violations were cited in the following area(s).,10B,Plumbing not properly installed or maintained; anti-siphonage or backflow prevention device not provided where required; equipment or floor not properly drained; sewage disposal system in disrepair or not functioning properly.,Not Critical,27,A,12/17/15,6/6/16,Cycle Inspection / Initial Inspection
50011536,10/30/14,Violations were cited in the following area(s).,09C,Food contact surface not properly maintained.,Not Critical,11,A,10/30/14,6/6/16,Pre-permit (Operational) / Initial Inspection
41291914,6/5/14,Violations were cited in the following area(s).,02H,"Food not cooled by an approved method whereby the internal product temperature is reduced from 140_ F to 70_ F or less within 2 hours, and from 70_ F to 41_ F or less within 4 additional hours.",Critical,10,A,6/5/14,6/6/16,Cycle Inspection / Initial Inspection
41422201,3/14/14,Violations were cited in the following area(s).,08C,Pesticide use not in accordance with label or applicable laws. Prohibited chemical used/stored. Open bait station used.,Not Critical,16,A,5/3/16,6/6/16,Cycle Inspection / Initial Inspection
41350747,4/1/13,Violations were cited in the following area(s).,10J,''''Wash hands sign not posted at hand wash facility.,Not Critical,23,B,3/12/15,6/6/16,Cycle Inspection / Initial Inspection
41715505,4/17/13,Violations were cited in the following area(s).,06C,"Food not protected from potential source of contamination during storage, preparation, transportation, display or service.",Critical,6,A,4/17/13,6/6/16,Pre-permit (Operational) / Re-inspection
41692319,1/29/14,Violations were cited in the following area(s).,04N,"Filth flies or food/refuse/sewage-associated (FRSA) flies present in facilitys food and/or non-food areas. Filth flies include house flies, little house flies, blow flies, bottle flies and flesh flies. Food/refuse/sewage-associated flies include fruit flies, drain flies and Phorid flies.",Critical,16,,,6/6/16,Cycle Inspection / Initial Inspection
41668068,1/13/14,Violations were cited in the following area(s).,04L,Evidence of mice or live mice present in facility's food and/or non-food areas.,Critical,13,A,1/13/14,6/6/16,Cycle Inspection / Re-inspection
50006080,7/15/15,Violations were cited in the following area(s).,08A,Facility not vermin proof. Harborage or conditions conducive to attracting vermin to the premises and/or allowing vermin to exist.,Not Critical,15,B,7/15/15,6/6/16,Cycle Inspection / Re-inspection
41448909,9/18/13,Violations were cited in the following area(s).,02G,Cold food item held above 41_ F (smoked fish and reduced oxygen packaged foods above 38 ) except during necessary preparation.,Critical,18,A,9/16/13,6/6/16,Cycle Inspection / Initial Inspection
40598282,3/30/15,Violations were cited in the following area(s).,10F,"Non-food contact surface improperly constructed. Unacceptable material used. Non-food contact surface or equipment improperly maintained and/or not properly sealed, raised, spaced or movable to allow accessibility for cleaning on all sides, above and underneath the unit.",Not Critical,15,B,3/30/15,6/6/16,Cycle Inspection / Re-inspection
40577393,10/5/13,Violations were cited in the following area(s).,10D,"Mechanical or natural ventilation system not provided, improperly installed, in disrepair and/or fails to prevent excessive build-up of grease, heat, steam condensation vapors, odors, smoke, and fumes.",Not Critical,23,A,2/3/15,6/6/16,Cycle Inspection / Initial Inspection
41129350,1/29/13,Violations were cited in the following area(s).,10F,"Non-food contact surface improperly constructed. Unacceptable material used. Non-food contact surface or equipment improperly maintained and/or not properly sealed, raised, spaced or movable to allow accessibility for cleaning on all sides, above and underneath the unit.",Not Critical,15,B,1/29/13,6/6/16,Cycle Inspection / Re-inspection
41648141,5/8/13,Violations were cited in the following area(s).,02B,Hot food item not held at or above 140_ F.,Critical,38,C,5/8/13,6/6/16,Cycle Inspection / Re-inspection
40384528,2/10/16,Violations were cited in the following area(s).,06D,"Food contact surface not properly washed, rinsed and sanitized after each use and following any activity when contamination may have occurred.",Critical,12,A,2/10/16,6/6/16,Cycle Inspection / Re-inspection
50001578,11/26/14,Violations were cited in the following area(s).,06D,"Food contact surface not properly washed, rinsed and sanitized after each use and following any activity when contamination may have occurred.",Critical,8,A,11/26/14,6/6/16,Cycle Inspection / Initial Inspection
41021528,5/20/15,Violations were cited in the following area(s).,09B,Thawing procedures improper.,Not Critical,9,A,5/20/15,6/6/16,Cycle Inspection / Initial Inspection
50009899,10/23/15,Violations were cited in the following area(s).,06C,"Food not protected from potential source of contamination during storage, preparation, transportation, display or service.",Critical,28,A,5/15/15,6/6/16,Cycle Inspection / Initial Inspection
41409000,9/12/13,Violations were cited in the following area(s).,06F,Wiping cloths soiled or not stored in sanitizing solution.,Critical,8,A,9/12/13,6/6/16,Cycle Inspection / Initial Inspection
40557279,9/15/14,Violations were cited in the following area(s).,08A,Facility not vermin proof. Harborage or conditions conducive to attracting vermin to the premises and/or allowing vermin to exist.,Not Critical,23,B,9/15/14,6/6/16,Cycle Inspection / Re-inspection
41643108,2/11/15,Violations were cited in the following area(s).,10I,"Single service item reused, improperly stored, dispensed; not used when required.",Not Critical,17,,,6/6/16,Cycle Inspection / Initial Inspection
40378383,2/11/15,Violations were cited in the following area(s).,04M,Live roaches present in facility's food and/or non-food areas.,Critical,28,A,12/31/13,6/6/16,Cycle Inspection / Initial Inspection
41677255,1/22/13,Violations were cited in the following area(s).,08A,Facility not vermin proof. Harborage or conditions conducive to attracting vermin to the premises and/or allowing vermin to exist.,Not Critical,17,,,6/6/16,Cycle Inspection / Compliance Inspection
41154901,7/26/13,Violations were cited in the following area(s).,10E,Accurate thermometer not provided in refrigerated or hot holding equipment.,Not Critical,31,,,6/6/16,Cycle Inspection / Initial Inspection
41722445,6/19/15,Violations were cited in the following area(s).,08A,Facility not vermin proof. Harborage or conditions conducive to attracting vermin to the premises and/or allowing vermin to exist.,Not Critical,22,,,6/6/16,Cycle Inspection / Initial Inspection
40929013,8/11/15,Violations were cited in the following area(s).,10I,"Single service item reused, improperly stored, dispensed; not used when required.",Not Critical,10,A,8/11/15,6/6/16,Cycle Inspection / Initial Inspection
41677087,1/28/15,Violations were cited in the following area(s).,10F,"Non-food contact surface improperly constructed. Unacceptable material used. Non-food contact surface or equipment improperly maintained and/or not properly sealed, raised, spaced or movable to allow accessibility for cleaning on all sides, above and underneath the unit.",Not Critical,11,A,1/28/15,6/6/16,Cycle Inspection / Re-inspection
40812317,5/13/14,Violations were cited in the following area(s).,04J,"Appropriately scaled metal stem-type thermometer or thermocouple not provided or used to evaluate temperatures of potentially hazardous foods during cooking, cooling, reheating and holding.",Critical,36,A,5/2/14,6/6/16,Cycle Inspection / Initial Inspection
41668068,7/10/14,Violations were cited in the following area(s).,02G,Cold food item held above 41_ F (smoked fish and reduced oxygen packaged foods above 38 ) except during necessary preparation.,Critical,7,A,7/10/14,6/6/16,Cycle Inspection / Re-inspection
41576495,7/9/13,Violations were cited in the following area(s).,04H,"Raw, cooked or prepared food is adulterated, contaminated, cross-contaminated, or not discarded in accordance with HACCP plan.",Critical,21,B,7/9/13,6/6/16,Cycle Inspection / Re-inspection
50018087,5/24/16,Violations were cited in the following area(s).,02B,Hot food item not held at or above 140_ F.,Critical,53,A,3/11/14,6/6/16,Cycle Inspection / Initial Inspection
40603266,3/12/14,Violations were cited in the following area(s).,04H,"Raw, cooked or prepared food is adulterated, contaminated, cross-contaminated, or not discarded in accordance with HACCP plan.",Critical,14,A,9/18/13,6/6/16,Cycle Inspection / Initial Inspection
41224120,11/26/14,Violations were cited in the following area(s).,10B,Plumbing not properly installed or maintained; anti-siphonage or backflow prevention device not provided where required; equipment or floor not properly drained; sewage disposal system in disrepair or not functioning properly.,Not Critical,13,A,11/26/14,6/6/16,Cycle Inspection / Initial Inspection
41374923,2/26/16,Violations were cited in the following area(s).,02G,Cold food item held above 41_ F (smoked fish and reduced oxygen packaged foods above 38 ) except during necessary preparation.,Critical,16,,,6/6/16,Cycle Inspection / Initial Inspection
41401739,5/14/13,Violations were cited in the following area(s).,20D,"Choking first aid poster not posted. Alcohol and pregnancy warning sign not posted. Resuscitation equipment: exhaled air resuscitation masks (adult & pediatric), latex gloves, sign not posted. Inspection report sign not posted.",Not Critical,14,A,9/25/14,6/6/16,Administrative Miscellaneous / Re-inspection
41640311,11/10/15,Violations were cited in the following area(s).,04L,Evidence of mice or live mice present in facility's food and/or non-food areas.,Critical,24,,,6/6/16,Cycle Inspection / Initial Inspection
41179005,5/13/14,Violations were cited in the following area(s).,04K,Evidence of rats or live rats present in facility's food and/or non-food areas.,Critical,10,A,5/13/14,6/6/16,Cycle Inspection / Re-inspection
41632768,10/7/15,Violations were cited in the following area(s).,06C,"Food not protected from potential source of contamination during storage, preparation, transportation, display or service.",Critical,23,B,10/7/15,6/6/16,Cycle Inspection / Re-inspection
41352400,10/8/15,Violations were cited in the following area(s).,06D,"Food contact surface not properly washed, rinsed and sanitized after each use and following any activity when contamination may have occurred.",Critical,12,A,10/8/15,6/6/16,Cycle Inspection / Initial Inspection
41597722,10/22/15,Violations were cited in the following area(s).,05D,Hand washing facility not provided in or near food preparation area and toilet room. Hot and cold running water at adequate pressure to enable cleanliness of employees not provided at facility. Soap and an acceptable hand-drying device not provided.,Critical,13,A,10/22/15,6/6/16,Cycle Inspection / Initial Inspection
41658809,11/13/14,Violations were cited in the following area(s).,08A,Facility not vermin proof. Harborage or conditions conducive to attracting vermin to the premises and/or allowing vermin to exist.,Not Critical,18,A,6/23/14,6/6/16,Cycle Inspection / Initial Inspection
50000598,9/10/15,Violations were cited in the following area(s).,08A,Facility not vermin proof. Harborage or conditions conducive to attracting vermin to the premises and/or allowing vermin to exist.,Not Critical,13,A,9/10/15,6/6/16,Cycle Inspection / Initial Inspection
50033842,9/2/15,Establishment Closed by DOHMH.  Violations were cited in the following area(s) and those requiring immediate action were addressed.,09C,Food contact surface not properly maintained.,Not Critical,80,A,6/29/15,6/6/16,Cycle Inspection / Initial Inspection
41222450,4/7/15,Violations were cited in the following area(s).,06D,"Food contact surface not properly washed, rinsed and sanitized after each use and following any activity when contamination may have occurred.",Critical,21,B,7/20/15,6/6/16,Cycle Inspection / Initial Inspection
41222437,2/9/16,Violations were cited in the following area(s).,10F,"Non-food contact surface improperly constructed. Unacceptable material used. Non-food contact surface or equipment improperly maintained and/or not properly sealed, raised, spaced or movable to allow accessibility for cleaning on all sides, above and underneath the unit.",Not Critical,3,A,2/9/16,6/6/16,Cycle Inspection / Initial Inspection
50010338,3/23/16,Violations were cited in the following area(s).,02B,Hot food item not held at or above 140_ F.,Critical,11,A,3/23/16,6/6/16,Cycle Inspection / Re-inspection
41433510,2/15/14,Violations were cited in the following area(s).,10H,Proper sanitization not provided for utensil ware washing operation.,Not Critical,5,A,5/5/15,6/6/16,Inter-Agency Task Force / Initial Inspection
41348744,8/14/13,Violations were cited in the following area(s).,10F,"Non-food contact surface improperly constructed. Unacceptable material used. Non-food contact surface or equipment improperly maintained and/or not properly sealed, raised, spaced or movable to allow accessibility for cleaning on all sides, above and underneath the unit.",Not Critical,12,A,8/14/13,6/6/16,Cycle Inspection / Initial Inspection
40545227,4/11/13,Violations were cited in the following area(s).,04C,Food worker does not use proper utensil to eliminate bare hand contact with food that will not receive adequate additional heat treatment.,Critical,25,A,9/18/13,6/6/16,Cycle Inspection / Initial Inspection
41640977,3/16/15,Violations were cited in the following area(s).,04N,"Filth flies or food/refuse/sewage-associated (FRSA) flies present in facilitys food and/or non-food areas. Filth flies include house flies, little house flies, blow flies, bottle flies and flesh flies. Food/refuse/sewage-associated flies include fruit flies, drain flies and Phorid flies.",Critical,14,B,3/16/15,6/6/16,Cycle Inspection / Re-inspection
41609147,5/11/13,Violations were cited in the following area(s).,06F,Wiping cloths soiled or not stored in sanitizing solution.,Critical,29,,,6/6/16,Cycle Inspection / Initial Inspection
41177613,11/20/13,Violations were cited in the following area(s).,02B,Hot food item not held at or above 140_ F.,Critical,23,A,2/16/16,6/6/16,Cycle Inspection / Initial Inspection
40383067,5/26/15,Violations were cited in the following area(s).,04L,Evidence of mice or live mice present in facility's food and/or non-food areas.,Critical,16,,,6/6/16,Cycle Inspection / Initial Inspection
41233172,4/12/14,Violations were cited in the following area(s).,02G,Cold food item held above 41_ F (smoked fish and reduced oxygen packaged foods above 38 ) except during necessary preparation.,Critical,9,A,4/12/14,6/6/16,Cycle Inspection / Re-inspection
50014586,3/16/15,Establishment Closed by DOHMH.  Violations were cited in the following area(s) and those requiring immediate action were addressed.,02B,Hot food item not held at or above 140_ F.,Critical,40,B,9/11/13,6/6/16,Cycle Inspection / Initial Inspection
41714688,9/19/15,Violations were cited in the following area(s).,04N,"Filth flies or food/refuse/sewage-associated (FRSA) flies present in facilitys food and/or non-food areas. Filth flies include house flies, little house flies, blow flies, bottle flies and flesh flies. Food/refuse/sewage-associated flies include fruit flies, drain flies and Phorid flies.",Critical,20,,,6/6/16,Cycle Inspection / Initial Inspection
41200857,4/21/14,Establishment Closed by DOHMH.  Violations were cited in the following area(s) and those requiring immediate action were addressed.,06E,"Sanitized equipment or utensil, including in-use food dispensing utensil, improperly used or stored.",Critical,56,A,12/4/15,6/6/16,Cycle Inspection / Initial Inspection
40764120,4/23/13,Violations were cited in the following area(s).,02G,Cold food item held above 41_ F (smoked fish and reduced oxygen packaged foods above 38 ) except during necessary preparation.,Critical,49,A,1/17/14,6/6/16,Cycle Inspection / Initial Inspection
50011937,12/2/15,Violations were cited in the following area(s).,02H,"Food not cooled by an approved method whereby the internal product temperature is reduced from 140_ F to 70_ F or less within 2 hours, and from 70_ F to 41_ F or less within 4 additional hours.",Critical,17,A,4/12/13,6/6/16,Cycle Inspection / Initial Inspection
50034834,3/15/16,Violations were cited in the following area(s).,09B,Thawing procedures improper.,Not Critical,17,A,10/27/15,6/6/16,Cycle Inspection / Initial Inspection
41545370,2/12/16,Violations were cited in the following area(s).,04L,Evidence of mice or live mice present in facility's food and/or non-food areas.,Critical,16,A,1/28/16,6/6/16,Cycle Inspection / Initial Inspection
50034713,1/21/16,Violations were cited in the following area(s).,22C,"Bulb not shielded or shatterproof, in areas where there is extreme heat, temperature changes, or where accidental contact may occur.",Not Critical,26,,,6/6/16,Administrative Miscellaneous / Initial Inspection
41083574,6/17/15,Violations were cited in the following area(s).,02H,"Food not cooled by an approved method whereby the internal product temperature is reduced from 140_ F to 70_ F or less within 2 hours, and from 70_ F to 41_ F or less within 4 additional hours.",Critical,39,A,1/2/13,6/6/16,Cycle Inspection / Initial Inspection
41471136,4/27/16,Violations were cited in the following area(s).,10F,"Non-food contact surface improperly constructed. Unacceptable material used. Non-food contact surface or equipment improperly maintained and/or not properly sealed, raised, spaced or movable to allow accessibility for cleaning on all sides, above and underneath the unit.",Not Critical,12,A,4/27/16,6/6/16,Cycle Inspection / Initial Inspection
41545589,7/9/15,Violations were cited in the following area(s).,08A,Facility not vermin proof. Harborage or conditions conducive to attracting vermin to the premises and/or allowing vermin to exist.,Not Critical,11,A,7/9/15,6/6/16,Cycle Inspection / Re-inspection
41153141,8/20/13,Violations were cited in the following area(s).,10F,"Non-food contact surface improperly constructed. Unacceptable material used. Non-food contact surface or equipment improperly maintained and/or not properly sealed, raised, spaced or movable to allow accessibility for cleaning on all sides, above and underneath the unit.",Not Critical,13,A,8/20/13,6/6/16,Cycle Inspection / Initial Inspection
41291319,5/5/16,Violations were cited in the following area(s).,10H,Proper sanitization not provided for utensil ware washing operation.,Not Critical,11,A,5/5/16,6/6/16,Cycle Inspection / Re-inspection
41379821,8/11/15,Violations were cited in the following area(s).,08A,Facility not vermin proof. Harborage or conditions conducive to attracting vermin to the premises and/or allowing vermin to exist.,Not Critical,19,B,8/11/15,6/6/16,Cycle Inspection / Re-inspection
41305085,3/6/15,Violations were cited in the following area(s).,10B,Plumbing not properly installed or maintained; anti-siphonage or backflow prevention device not provided where required; equipment or floor not properly drained; sewage disposal system in disrepair or not functioning properly.,Not Critical,12,A,3/6/15,6/6/16,Cycle Inspection / Re-inspection
50018204,6/9/15,Violations were cited in the following area(s).,06A,Personal cleanliness inadequate. Outer garment soiled with possible contaminant.  Effective hair restraint not worn in an area where food is prepared.,Critical,33,B,9/10/13,6/6/16,Cycle Inspection / Initial Inspection
41679915,5/24/16,Violations were cited in the following area(s).,10F,"Non-food contact surface improperly constructed. Unacceptable material used. Non-food contact surface or equipment improperly maintained and/or not properly sealed, raised, spaced or movable to allow accessibility for cleaning on all sides, above and underneath the unit.",Not Critical,24,A,6/5/13,6/6/16,Cycle Inspection / Initial Inspection
41231645,5/31/13,Violations were cited in the following area(s).,02G,Cold food item held above 41_ F (smoked fish and reduced oxygen packaged foods above 38 ) except during necessary preparation.,Critical,45,C,5/31/13,6/6/16,Cycle Inspection / Re-inspection
41280375,9/19/13,Violations were cited in the following area(s).,10F,"Non-food contact surface improperly constructed. Unacceptable material used. Non-food contact surface or equipment improperly maintained and/or not properly sealed, raised, spaced or movable to allow accessibility for cleaning on all sides, above and underneath the unit.",Not Critical,11,A,9/19/13,6/6/16,Cycle Inspection / Re-inspection
41641957,5/6/15,Violations were cited in the following area(s).,02G,Cold food item held above 41_ F (smoked fish and reduced oxygen packaged foods above 38 ) except during necessary preparation.,Critical,10,A,5/6/15,6/6/16,Cycle Inspection / Initial Inspection
41438319,5/12/14,Violations were cited in the following area(s).,04L,Evidence of mice or live mice present in facility's food and/or non-food areas.,Critical,12,A,5/12/14,6/6/16,Cycle Inspection / Initial Inspection
41484671,6/5/13,Violations were cited in the following area(s).,10F,"Non-food contact surface improperly constructed. Unacceptable material used. Non-food contact surface or equipment improperly maintained and/or not properly sealed, raised, spaced or movable to allow accessibility for cleaning on all sides, above and underneath the unit.",Not Critical,6,A,6/5/13,6/6/16,Cycle Inspection / Re-inspection
41417674,3/3/15,Violations were cited in the following area(s).,06C,"Food not protected from potential source of contamination during storage, preparation, transportation, display or service.",Critical,40,C,3/3/15,6/6/16,Cycle Inspection / Re-inspection
41243506,3/8/14,Violations were cited in the following area(s).,04A,Food Protection Certificate not held by supervisor of food operations.,Critical,13,A,3/8/14,6/6/16,Cycle Inspection / Initial Inspection
41478531,9/8/15,Violations were cited in the following area(s).,10F,"Non-food contact surface improperly constructed. Unacceptable material used. Non-food contact surface or equipment improperly maintained and/or not properly sealed, raised, spaced or movable to allow accessibility for cleaning on all sides, above and underneath the unit.",Not Critical,11,A,9/8/15,6/6/16,Cycle Inspection / Initial Inspection
41658609,9/30/14,Violations were cited in the following area(s).,20F,Current letter grade card not posted.,Not Critical,10,A,3/16/15,6/6/16,Administrative Miscellaneous / Initial Inspection
41347049,1/13/16,Violations were cited in the following area(s).,08A,Facility not vermin proof. Harborage or conditions conducive to attracting vermin to the premises and/or allowing vermin to exist.,Not Critical,11,,,6/6/16,Cycle Inspection / Re-inspection
41660217,1/12/16,Violations were cited in the following area(s).,04M,Live roaches present in facility's food and/or non-food areas.,Critical,19,B,1/12/16,6/6/16,Cycle Inspection / Re-inspection
50001038,6/27/14,Violations were cited in the following area(s).,06D,"Food contact surface not properly washed, rinsed and sanitized after each use and following any activity when contamination may have occurred.",Critical,30,A,4/14/14,6/6/16,Cycle Inspection / Initial Inspection
50001651,6/3/15,Violations were cited in the following area(s).,10F,"Non-food contact surface improperly constructed. Unacceptable material used. Non-food contact surface or equipment improperly maintained and/or not properly sealed, raised, spaced or movable to allow accessibility for cleaning on all sides, above and underneath the unit.",Not Critical,21,A,4/20/16,6/6/16,Cycle Inspection / Initial Inspection
40956188,4/23/13,Violations were cited in the following area(s).,04L,Evidence of mice or live mice present in facility's food and/or non-food areas.,Critical,11,A,4/23/13,6/6/16,Cycle Inspection / Initial Inspection
50010263,10/20/14,Violations were cited in the following area(s).,04N,"Filth flies or food/refuse/sewage-associated (FRSA) flies present in facilitys food and/or non-food areas. Filth flies include house flies, little house flies, blow flies, bottle flies and flesh flies. Food/refuse/sewage-associated flies include fruit flies, drain flies and Phorid flies.",Critical,17,A,2/4/15,6/6/16,Cycle Inspection / Initial Inspection
41646486,3/13/14,Violations were cited in the following area(s).,10F,"Non-food contact surface improperly constructed. Unacceptable material used. Non-food contact surface or equipment improperly maintained and/or not properly sealed, raised, spaced or movable to allow accessibility for cleaning on all sides, above and underneath the unit.",Not Critical,5,A,3/13/14,6/6/16,Cycle Inspection / Initial Inspection
50005403,6/11/15,Violations were cited in the following area(s).,10A,"Toilet facility not maintained and provided with toilet paper, waste receptacle and self-closing door.",Not Critical,21,A,2/27/14,6/6/16,Cycle Inspection / Initial Inspection
50003570,11/6/13,Violations were cited in the following area(s).,10F,"Non-food contact surface improperly constructed. Unacceptable material used. Non-food contact surface or equipment improperly maintained and/or not properly sealed, raised, spaced or movable to allow accessibility for cleaning on all sides, above and underneath the unit.",Not Critical,5,C,7/10/13,6/6/16,Pre-permit (Non-operational) / Initial Inspection
41292258,5/15/15,Violations were cited in the following area(s).,04L,Evidence of mice or live mice present in facility's food and/or non-food areas.,Critical,15,A,4/25/14,6/6/16,Cycle Inspection / Initial Inspection
50013819,4/16/15,Violations were cited in the following area(s).,02G,Cold food item held above 41_ F (smoked fish and reduced oxygen packaged foods above 38 ) except during necessary preparation.,Critical,9,A,4/16/15,6/6/16,Cycle Inspection / Initial Inspection
41061355,4/29/14,Violations were cited in the following area(s).,08A,Facility not vermin proof. Harborage or conditions conducive to attracting vermin to the premises and/or allowing vermin to exist.,Not Critical,12,A,4/29/14,6/6/16,Cycle Inspection / Re-inspection
40383825,5/3/14,Violations were cited in the following area(s).,04A,Food Protection Certificate not held by supervisor of food operations.,Critical,47,A,8/19/13,6/6/16,Cycle Inspection / Initial Inspection
41479685,12/1/15,Violations were cited in the following area(s).,08A,Facility not vermin proof. Harborage or conditions conducive to attracting vermin to the premises and/or allowing vermin to exist.,Not Critical,23,,,6/6/16,Cycle Inspection / Initial Inspection
41314872,5/1/14,Violations were cited in the following area(s).,06D,"Food contact surface not properly washed, rinsed and sanitized after each use and following any activity when contamination may have occurred.",Critical,7,A,5/1/14,6/6/16,Cycle Inspection / Re-inspection
50039990,8/26/15,Establishment Closed by DOHMH.  Violations were cited in the following area(s) and those requiring immediate action were addressed.,10B,Plumbing not properly installed or maintained; anti-siphonage or backflow prevention device not provided where required; equipment or floor not properly drained; sewage disposal system in disrepair or not functioning properly.,Not Critical,54,A,12/7/15,6/6/16,Pre-permit (Operational) / Re-inspection
41376798,12/3/14,Violations were cited in the following area(s).,04L,Evidence of mice or live mice present in facility's food and/or non-food areas.,Critical,13,A,12/3/14,6/6/16,Cycle Inspection / Initial Inspection
41525509,11/18/14,Violations were cited in the following area(s).,08A,Facility not vermin proof. Harborage or conditions conducive to attracting vermin to the premises and/or allowing vermin to exist.,Not Critical,22,B,3/18/14,6/6/16,Cycle Inspection / Initial Inspection
50045593,5/11/16,Violations were cited in the following area(s).,06C,"Food not protected from potential source of contamination during storage, preparation, transportation, display or service.",Critical,10,A,5/11/16,6/6/16,Cycle Inspection / Initial Inspection
41097180,11/25/14,Violations were cited in the following area(s).,06A,Personal cleanliness inadequate. Outer garment soiled with possible contaminant.  Effective hair restraint not worn in an area where food is prepared.,Critical,35,A,4/17/13,6/6/16,Cycle Inspection / Initial Inspection
41443633,3/9/15,Violations were cited in the following area(s).,08A,Facility not vermin proof. Harborage or conditions conducive to attracting vermin to the premises and/or allowing vermin to exist.,Not Critical,12,A,3/9/15,6/6/16,Cycle Inspection / Initial Inspection
41505614,9/3/13,Violations were cited in the following area(s).,02G,Cold food item held above 41_ F (smoked fish and reduced oxygen packaged foods above 38 ) except during necessary preparation.,Critical,18,A,5/19/15,6/6/16,Cycle Inspection / Initial Inspection
41305052,9/12/13,Violations were cited in the following area(s).,06C,"Food not protected from potential source of contamination during storage, preparation, transportation, display or service.",Critical,20,A,2/13/15,6/6/16,Cycle Inspection / Initial Inspection
41290491,1/6/16,Violations were cited in the following area(s).,06D,"Food contact surface not properly washed, rinsed and sanitized after each use and following any activity when contamination may have occurred.",Critical,12,A,1/6/16,6/6/16,Cycle Inspection / Re-inspection
40836365,5/31/13,Violations were cited in the following area(s).,02G,Cold food item held above 41_ F (smoked fish and reduced oxygen packaged foods above 38 ) except during necessary preparation.,Critical,12,A,5/31/13,6/6/16,Cycle Inspection / Re-inspection
41700634,10/9/13,Violations were cited in the following area(s).,04C,Food worker does not use proper utensil to eliminate bare hand contact with food that will not receive adequate additional heat treatment.,Critical,19,A,5/5/16,6/6/16,Cycle Inspection / Initial Inspection
41322330,4/22/14,Violations were cited in the following area(s).,06E,"Sanitized equipment or utensil, including in-use food dispensing utensil, improperly used or stored.",Critical,10,A,4/22/14,6/6/16,Cycle Inspection / Re-inspection
50000609,7/9/13,Violations were cited in the following area(s).,06E,"Sanitized equipment or utensil, including in-use food dispensing utensil, improperly used or stored.",Critical,10,A,7/9/13,6/6/16,Pre-permit (Operational) / Re-inspection
50041110,9/4/15,Violations were cited in the following area(s).,06C,"Food not protected from potential source of contamination during storage, preparation, transportation, display or service.",Critical,8,A,10/5/15,6/6/16,Pre-permit (Non-operational) / Initial Inspection
41159177,11/8/14,Violations were cited in the following area(s).,10H,Proper sanitization not provided for utensil ware washing operation.,Not Critical,23,A,2/20/15,6/6/16,Cycle Inspection / Initial Inspection
41324657,10/7/15,Violations were cited in the following area(s).,16B,"The original nutritional fact labels and/or ingredient label for a cooking oil, shortening or margarine or food item sold in bulk, or acceptable manufacturers documentation not maintained on site.",Not Critical,10,A,9/26/14,6/6/16,Trans Fat / Initial Inspection
50034883,1/21/16,Violations were cited in the following area(s).,06D,"Food contact surface not properly washed, rinsed and sanitized after each use and following any activity when contamination may have occurred.",Critical,25,A,8/20/14,6/6/16,Cycle Inspection / Initial Inspection
41250435,3/19/14,Violations were cited in the following area(s).,06E,"Sanitized equipment or utensil, including in-use food dispensing utensil, improperly used or stored.",Critical,20,B,3/6/15,6/6/16,Cycle Inspection / Initial Inspection
41709409,5/27/16,Violations were cited in the following area(s).,08A,Facility not vermin proof. Harborage or conditions conducive to attracting vermin to the premises and/or allowing vermin to exist.,Not Critical,11,A,5/27/16,6/6/16,Cycle Inspection / Initial Inspection
41438435,12/13/13,Violations were cited in the following area(s).,10B,Plumbing not properly installed or maintained; anti-siphonage or backflow prevention device not provided where required; equipment or floor not properly drained; sewage disposal system in disrepair or not functioning properly.,Not Critical,16,C,3/2/16,6/6/16,Cycle Inspection / Initial Inspection
41650869,9/11/13,Violations were cited in the following area(s).,02G,Cold food item held above 41_ F (smoked fish and reduced oxygen packaged foods above 38 ) except during necessary preparation.,Critical,26,B,9/11/13,6/6/16,Cycle Inspection / Re-inspection
40658358,4/28/15,Violations were cited in the following area(s).,10A,"Toilet facility not maintained and provided with toilet paper, waste receptacle and self-closing door.",Not Critical,2,A,4/27/16,6/6/16,Cycle Inspection / Initial Inspection
41504498,6/10/13,Violations were cited in the following area(s).,06D,"Food contact surface not properly washed, rinsed and sanitized after each use and following any activity when contamination may have occurred.",Critical,12,A,6/10/13,6/6/16,Cycle Inspection / Re-inspection
50033305,3/10/15,Violations were cited in the following area(s).,05D,Hand washing facility not provided in or near food preparation area and toilet room. Hot and cold running water at adequate pressure to enable cleanliness of employees not provided at facility. Soap and an acceptable hand-drying device not provided.,Critical,12,A,3/10/15,6/6/16,Pre-permit (Operational) / Initial Inspection
41679211,3/15/16,Violations were cited in the following area(s).,06E,"Sanitized equipment or utensil, including in-use food dispensing utensil, improperly used or stored.",Critical,10,C,9/3/14,6/6/16,Cycle Inspection / Initial Inspection
50009344,6/4/15,Violations were cited in the following area(s).,02G,Cold food item held above 41_ F (smoked fish and reduced oxygen packaged foods above 38 ) except during necessary preparation.,Critical,11,A,6/4/15,6/6/16,Cycle Inspection / Re-inspection
40720858,2/25/13,Violations were cited in the following area(s).,06C,"Food not protected from potential source of contamination during storage, preparation, transportation, display or service.",Critical,25,B,2/25/13,6/6/16,Cycle Inspection / Re-inspection
50041398,9/10/15,Violations were cited in the following area(s).,02G,Cold food item held above 41_ F (smoked fish and reduced oxygen packaged foods above 38 ) except during necessary preparation.,Critical,22,A,6/30/14,6/6/16,Pre-permit (Operational) / Initial Inspection
40587626,6/1/13,Violations were cited in the following area(s).,06A,Personal cleanliness inadequate. Outer garment soiled with possible contaminant.  Effective hair restraint not worn in an area where food is prepared.,Critical,7,A,6/1/13,6/6/16,Cycle Inspection / Re-inspection
41429788,12/30/14,Violations were cited in the following area(s).,10B,Plumbing not properly installed or maintained; anti-siphonage or backflow prevention device not provided where required; equipment or floor not properly drained; sewage disposal system in disrepair or not functioning properly.,Not Critical,13,A,12/30/14,6/6/16,Cycle Inspection / Initial Inspection
41288479,5/23/13,Violations were cited in the following area(s).,02G,Cold food item held above 41_ F (smoked fish and reduced oxygen packaged foods above 38 ) except during necessary preparation.,Critical,10,A,5/23/13,6/6/16,Cycle Inspection / Initial Inspection
41456998,3/18/16,Violations were cited in the following area(s).,06A,Personal cleanliness inadequate. Outer garment soiled with possible contaminant.  Effective hair restraint not worn in an area where food is prepared.,Critical,8,A,3/18/16,6/6/16,Cycle Inspection / Initial Inspection
50008569,11/20/15,Violations were cited in the following area(s).,10B,Plumbing not properly installed or maintained; anti-siphonage or backflow prevention device not provided where required; equipment or floor not properly drained; sewage disposal system in disrepair or not functioning properly.,Not Critical,12,A,11/20/15,6/6/16,Cycle Inspection / Initial Inspection
50002031,6/27/14,Violations were cited in the following area(s).,04L,Evidence of mice or live mice present in facility's food and/or non-food areas.,Critical,10,A,6/27/14,6/6/16,Cycle Inspection / Re-inspection
50001671,7/17/14,Violations were cited in the following area(s).,04L,Evidence of mice or live mice present in facility's food and/or non-food areas.,Critical,5,A,7/17/14,6/6/16,Cycle Inspection / Re-inspection
40389357,4/2/13,Establishment Closed by DOHMH.  Violations were cited in the following area(s) and those requiring immediate action were addressed.,04L,Evidence of mice or live mice present in facility's food and/or non-food areas.,Critical,37,A,1/31/14,6/6/16,Cycle Inspection / Re-inspection
41486124,4/24/15,Violations were cited in the following area(s).,10F,"Non-food contact surface improperly constructed. Unacceptable material used. Non-food contact surface or equipment improperly maintained and/or not properly sealed, raised, spaced or movable to allow accessibility for cleaning on all sides, above and underneath the unit.",Not Critical,4,A,4/24/15,6/6/16,Cycle Inspection / Initial Inspection
50009231,6/25/14,Violations were cited in the following area(s).,06C,"Food not protected from potential source of contamination during storage, preparation, transportation, display or service.",Critical,9,A,6/25/14,6/6/16,Pre-permit (Operational) / Re-inspection
41547073,6/6/13,Establishment re-closed by DOHMH,10F,"Non-food contact surface improperly constructed. Unacceptable material used. Non-food contact surface or equipment improperly maintained and/or not properly sealed, raised, spaced or movable to allow accessibility for cleaning on all sides, above and underneath the unit.",Not Critical,14,A,5/19/15,6/6/16,Cycle Inspection / Reopening Inspection
41392820,6/17/13,Violations were cited in the following area(s).,09C,Food contact surface not properly maintained.,Not Critical,9,A,6/17/13,6/6/16,Cycle Inspection / Initial Inspection
40875639,1/24/15,Violations were cited in the following area(s).,04K,Evidence of rats or live rats present in facility's food and/or non-food areas.,Critical,25,B,1/24/15,6/6/16,Cycle Inspection / Re-inspection
50002875,12/3/13,Violations were cited in the following area(s).,04N,"Filth flies or food/refuse/sewage-associated (FRSA) flies present in facilitys food and/or non-food areas. Filth flies include house flies, little house flies, blow flies, bottle flies and flesh flies. Food/refuse/sewage-associated flies include fruit flies, drain flies and Phorid flies.",Critical,10,A,12/3/13,6/6/16,Pre-permit (Operational) / Re-inspection
40547548,3/22/14,Establishment Closed by DOHMH.  Violations were cited in the following area(s) and those requiring immediate action were addressed.,06C,"Food not protected from potential source of contamination during storage, preparation, transportation, display or service.",Critical,56,B,12/31/14,6/6/16,Cycle Inspection / Initial Inspection
50011919,2/4/15,Violations were cited in the following area(s).,04A,Food Protection Certificate not held by supervisor of food operations.,Critical,18,,,6/6/16,Cycle Inspection / Initial Inspection
41008388,5/31/14,Violations were cited in the following area(s).,10F,"Non-food contact surface improperly constructed. Unacceptable material used. Non-food contact surface or equipment improperly maintained and/or not properly sealed, raised, spaced or movable to allow accessibility for cleaning on all sides, above and underneath the unit.",Not Critical,11,A,5/31/14,6/6/16,Cycle Inspection / Re-inspection
41410290,1/16/14,Violations were cited in the following area(s).,06A,Personal cleanliness inadequate. Outer garment soiled with possible contaminant.  Effective hair restraint not worn in an area where food is prepared.,Critical,12,A,1/16/14,6/6/16,Cycle Inspection / Re-inspection
41195346,4/15/14,Violations were cited in the following area(s).,06F,Wiping cloths soiled or not stored in sanitizing solution.,Critical,20,A,1/14/16,6/6/16,Cycle Inspection / Initial Inspection
41232125,3/19/14,Violations were cited in the following area(s).,04L,Evidence of mice or live mice present in facility's food and/or non-food areas.,Critical,9,A,3/19/14,6/6/16,Cycle Inspection / Initial Inspection
50040451,2/29/16,Violations were cited in the following area(s).,10B,Plumbing not properly installed or maintained; anti-siphonage or backflow prevention device not provided where required; equipment or floor not properly drained; sewage disposal system in disrepair or not functioning properly.,Not Critical,12,A,11/4/13,6/6/16,Pre-permit (Operational) / Second Compliance Inspection
41185928,2/26/14,Violations were cited in the following area(s).,10F,"Non-food contact surface improperly constructed. Unacceptable material used. Non-food contact surface or equipment improperly maintained and/or not properly sealed, raised, spaced or movable to allow accessibility for cleaning on all sides, above and underneath the unit.",Not Critical,7,A,2/26/14,6/6/16,Cycle Inspection / Initial Inspection
41414673,2/5/15,Violations were cited in the following area(s).,10H,Proper sanitization not provided for utensil ware washing operation.,Not Critical,24,A,10/2/14,6/6/16,Cycle Inspection / Initial Inspection
41046913,11/5/14,Violations were cited in the following area(s).,06A,Personal cleanliness inadequate. Outer garment soiled with possible contaminant.  Effective hair restraint not worn in an area where food is prepared.,Critical,36,A,5/10/16,6/6/16,Cycle Inspection / Initial Inspection
50014686,8/10/15,Violations were cited in the following area(s).,06A,Personal cleanliness inadequate. Outer garment soiled with possible contaminant.  Effective hair restraint not worn in an area where food is prepared.,Critical,19,A,5/7/13,6/6/16,Cycle Inspection / Initial Inspection
40367728,2/12/15,Violations were cited in the following area(s).,10H,Proper sanitization not provided for utensil ware washing operation.,Not Critical,12,A,2/12/15,6/6/16,Cycle Inspection / Re-inspection
50000252,5/12/15,Violations were cited in the following area(s).,04K,Evidence of rats or live rats present in facility's food and/or non-food areas.,Critical,7,A,5/12/15,6/6/16,Cycle Inspection / Initial Inspection
41651670,4/1/13,Violations were cited in the following area(s).,02B,Hot food item not held at or above 140_ F.,Critical,24,Z,9/30/15,6/6/16,Cycle Inspection / Initial Inspection
50010838,10/27/14,Violations were cited in the following area(s).,09C,Food contact surface not properly maintained.,Not Critical,6,A,10/27/14,6/6/16,Cycle Inspection / Initial Inspection
41711468,5/14/15,Violations were cited in the following area(s).,08A,Facility not vermin proof. Harborage or conditions conducive to attracting vermin to the premises and/or allowing vermin to exist.,Not Critical,11,A,5/14/15,6/6/16,Cycle Inspection / Initial Inspection
40368725,2/20/14,Violations were cited in the following area(s).,10H,Proper sanitization not provided for utensil ware washing operation.,Not Critical,12,A,2/20/14,6/6/16,Cycle Inspection / Initial Inspection
41154403,1/7/15,Violations were cited in the following area(s).,22A,"Nuisance created or allowed to exist. Facility not free from unsafe, hazardous, offensive or annoying conditions.",Not Critical,10,,,6/6/16,Administrative Miscellaneous / Initial Inspection
50008635,7/28/14,Violations were cited in the following area(s).,10F,"Non-food contact surface improperly constructed. Unacceptable material used. Non-food contact surface or equipment improperly maintained and/or not properly sealed, raised, spaced or movable to allow accessibility for cleaning on all sides, above and underneath the unit.",Not Critical,24,B,7/28/14,6/6/16,Pre-permit (Operational) / Re-inspection
40361606,11/14/13,Violations were cited in the following area(s).,10F,"Non-food contact surface improperly constructed. Unacceptable material used. Non-food contact surface or equipment improperly maintained and/or not properly sealed, raised, spaced or movable to allow accessibility for cleaning on all sides, above and underneath the unit.",Not Critical,2,A,11/14/13,6/6/16,Cycle Inspection / Initial Inspection
40967378,4/24/13,Violations were cited in the following area(s).,10F,"Non-food contact surface improperly constructed. Unacceptable material used. Non-food contact surface or equipment improperly maintained and/or not properly sealed, raised, spaced or movable to allow accessibility for cleaning on all sides, above and underneath the unit.",Not Critical,8,A,4/24/13,6/6/16,Cycle Inspection / Initial Inspection
41634834,1/29/14,Violations were cited in the following area(s).,04M,Live roaches present in facility's food and/or non-food areas.,Critical,19,A,5/21/15,6/6/16,Cycle Inspection / Initial Inspection
41413230,8/1/14,Violations were cited in the following area(s).,08A,Facility not vermin proof. Harborage or conditions conducive to attracting vermin to the premises and/or allowing vermin to exist.,Not Critical,17,B,8/1/14,6/6/16,Cycle Inspection / Re-inspection
41142173,5/13/14,Violations were cited in the following area(s).,04J,"Appropriately scaled metal stem-type thermometer or thermocouple not provided or used to evaluate temperatures of potentially hazardous foods during cooking, cooling, reheating and holding.",Critical,27,A,8/10/15,6/6/16,Cycle Inspection / Initial Inspection
41409894,10/9/14,Violations were cited in the following area(s).,08A,Facility not vermin proof. Harborage or conditions conducive to attracting vermin to the premises and/or allowing vermin to exist.,Not Critical,32,C,10/9/14,6/6/16,Cycle Inspection / Re-inspection
50038379,6/1/16,Violations were cited in the following area(s).,10B,Plumbing not properly installed or maintained; anti-siphonage or backflow prevention device not provided where required; equipment or floor not properly drained; sewage disposal system in disrepair or not functioning properly.,Not Critical,30,A,11/25/13,6/6/16,Cycle Inspection / Initial Inspection
50001484,8/3/15,No violations were recorded at the time of this inspection.,10B,Plumbing not properly installed or maintained; anti-siphonage or backflow prevention device not provided where required; equipment or floor not properly drained; sewage disposal system in disrepair or not functioning properly.,Not Applicable,12,A,6/5/14,6/6/16,Administrative Miscellaneous / Compliance Inspection
50002026,11/21/13,Violations were cited in the following area(s).,04L,Evidence of mice or live mice present in facility's food and/or non-food areas.,Critical,11,A,11/21/13,6/6/16,Pre-permit (Operational) / Re-inspection
41226130,6/18/15,Violations were cited in the following area(s).,08A,Facility not vermin proof. Harborage or conditions conducive to attracting vermin to the premises and/or allowing vermin to exist.,Not Critical,21,B,6/18/15,6/6/16,Cycle Inspection / Re-inspection
41711545,5/18/13,Violations were cited in the following area(s).,09B,Thawing procedures improper.,Not Critical,23,A,9/24/15,6/6/16,Pre-permit (Operational) / Initial Inspection
40884354,3/6/14,Violations were cited in the following area(s).,02H,"Food not cooled by an approved method whereby the internal product temperature is reduced from 140_ F to 70_ F or less within 2 hours, and from 70_ F to 41_ F or less within 4 additional hours.",Critical,9,A,3/6/14,6/6/16,Cycle Inspection / Initial Inspection
40762853,8/5/13,Violations were cited in the following area(s).,04M,Live roaches present in facility's food and/or non-food areas.,Critical,11,A,8/5/13,6/6/16,Cycle Inspection / Re-inspection
41580082,1/31/14,Violations were cited in the following area(s).,10F,"Non-food contact surface improperly constructed. Unacceptable material used. Non-food contact surface or equipment improperly maintained and/or not properly sealed, raised, spaced or movable to allow accessibility for cleaning on all sides, above and underneath the unit.",Not Critical,21,,,6/6/16,Cycle Inspection / Initial Inspection
41624356,3/12/16,Violations were cited in the following area(s).,20F,Current letter grade card not posted.,Not Critical,72,,,6/6/16,Administrative Miscellaneous / Initial Inspection
41091113,7/2/13,Violations were cited in the following area(s).,06A,Personal cleanliness inadequate. Outer garment soiled with possible contaminant.  Effective hair restraint not worn in an area where food is prepared.,Critical,21,A,3/5/14,6/6/16,Cycle Inspection / Initial Inspection
41641642,12/3/14,Violations were cited in the following area(s).,04K,Evidence of rats or live rats present in facility's food and/or non-food areas.,Critical,39,B,1/8/15,6/6/16,Cycle Inspection / Initial Inspection
40595941,3/3/14,Violations were cited in the following area(s).,04H,"Raw, cooked or prepared food is adulterated, contaminated, cross-contaminated, or not discarded in accordance with HACCP plan.",Critical,27,B,8/7/13,6/6/16,Cycle Inspection / Initial Inspection
41719115,5/4/13,Violations were cited in the following area(s).,08A,Facility not vermin proof. Harborage or conditions conducive to attracting vermin to the premises and/or allowing vermin to exist.,Not Critical,23,A,4/13/14,6/6/16,Pre-permit (Operational) / Initial Inspection
41004674,5/15/14,Violations were cited in the following area(s).,02B,Hot food item not held at or above 140_ F.,Critical,11,A,5/15/14,6/6/16,Cycle Inspection / Re-inspection
50000225,6/24/13,Violations were cited in the following area(s).,04J,"Appropriately scaled metal stem-type thermometer or thermocouple not provided or used to evaluate temperatures of potentially hazardous foods during cooking, cooling, reheating and holding.",Critical,10,A,10/14/15,6/6/16,Pre-permit (Non-operational) / Re-inspection
41531789,5/21/13,Violations were cited in the following area(s).,06D,"Food contact surface not properly washed, rinsed and sanitized after each use and following any activity when contamination may have occurred.",Critical,22,A,4/15/15,6/6/16,Cycle Inspection / Initial Inspection
41600223,9/4/14,Violations were cited in the following area(s).,08A,Facility not vermin proof. Harborage or conditions conducive to attracting vermin to the premises and/or allowing vermin to exist.,Not Critical,26,C,9/3/15,6/6/16,Cycle Inspection / Initial Inspection
50015255,7/15/15,Establishment Closed by DOHMH.  Violations were cited in the following area(s) and those requiring immediate action were addressed.,10D,"Mechanical or natural ventilation system not provided, improperly installed, in disrepair and/or fails to prevent excessive build-up of grease, heat, steam condensation vapors, odors, smoke, and fumes.",Not Critical,85,Not Yet Graded,7/16/15,6/6/16,Cycle Inspection / Initial Inspection
41474769,10/14/14,Violations were cited in the following area(s).,05D,Hand washing facility not provided in or near food preparation area and toilet room. Hot and cold running water at adequate pressure to enable cleanliness of employees not provided at facility. Soap and an acceptable hand-drying device not provided.,Critical,52,A,3/23/13,6/6/16,Cycle Inspection / Initial Inspection
50018504,10/15/15,Violations were cited in the following area(s).,02G,Cold food item held above 41_ F (smoked fish and reduced oxygen packaged foods above 38 ) except during necessary preparation.,Critical,11,A,10/15/15,6/6/16,Cycle Inspection / Re-inspection
41688797,2/1/14,Violations were cited in the following area(s).,09B,Thawing procedures improper.,Not Critical,21,A,1/7/13,6/6/16,Cycle Inspection / Initial Inspection
41662070,12/17/13,Violations were cited in the following area(s).,10F,"Non-food contact surface improperly constructed. Unacceptable material used. Non-food contact surface or equipment improperly maintained and/or not properly sealed, raised, spaced or movable to allow accessibility for cleaning on all sides, above and underneath the unit.",Not Critical,43,A,12/23/13,6/6/16,Cycle Inspection / Initial Inspection
40884510,5/27/14,Violations were cited in the following area(s).,08A,Facility not vermin proof. Harborage or conditions conducive to attracting vermin to the premises and/or allowing vermin to exist.,Not Critical,18,B,5/27/14,6/6/16,Cycle Inspection / Re-inspection
41692734,5/8/13,Violations were cited in the following area(s).,02H,"Food not cooled by an approved method whereby the internal product temperature is reduced from 140_ F to 70_ F or less within 2 hours, and from 70_ F to 41_ F or less within 4 additional hours.",Critical,57,,,6/6/16,Cycle Inspection / Initial Inspection
50033725,4/7/16,Violations were cited in the following area(s).,06C,"Food not protected from potential source of contamination during storage, preparation, transportation, display or service.",Critical,12,A,4/7/16,6/6/16,Cycle Inspection / Initial Inspection
50036835,7/9/15,Violations were cited in the following area(s).,04N,"Filth flies or food/refuse/sewage-associated (FRSA) flies present in facilitys food and/or non-food areas. Filth flies include house flies, little house flies, blow flies, bottle flies and flesh flies. Food/refuse/sewage-associated flies include fruit flies, drain flies and Phorid flies.",Critical,24,B,7/9/15,6/6/16,Pre-permit (Operational) / Re-inspection
41698410,12/30/15,Violations were cited in the following area(s).,06E,"Sanitized equipment or utensil, including in-use food dispensing utensil, improperly used or stored.",Critical,20,A,1/27/14,6/6/16,Cycle Inspection / Initial Inspection
40424765,2/27/15,Violations were cited in the following area(s).,10B,Plumbing not properly installed or maintained; anti-siphonage or backflow prevention device not provided where required; equipment or floor not properly drained; sewage disposal system in disrepair or not functioning properly.,Not Critical,11,A,2/27/15,6/6/16,Cycle Inspection / Initial Inspection
41704110,2/28/13,Violations were cited in the following area(s).,10F,"Non-food contact surface improperly constructed. Unacceptable material used. Non-food contact surface or equipment improperly maintained and/or not properly sealed, raised, spaced or movable to allow accessibility for cleaning on all sides, above and underneath the unit.",Not Critical,2,A,2/28/13,6/6/16,Pre-permit (Operational) / Re-inspection
41288664,4/3/14,Violations were cited in the following area(s).,04N,"Filth flies or food/refuse/sewage-associated (FRSA) flies present in facilitys food and/or non-food areas. Filth flies include house flies, little house flies, blow flies, bottle flies and flesh flies. Food/refuse/sewage-associated flies include fruit flies, drain flies and Phorid flies.",Critical,19,A,4/28/15,6/6/16,Cycle Inspection / Initial Inspection
41690659,7/8/15,Violations were cited in the following area(s).,02B,Hot food item not held at or above 140_ F.,Critical,17,A,2/21/14,6/6/16,Cycle Inspection / Initial Inspection
41659848,11/4/13,Violations were cited in the following area(s).,06C,"Food not protected from potential source of contamination during storage, preparation, transportation, display or service.",Critical,12,A,11/4/13,6/6/16,Cycle Inspection / Re-inspection
41564598,2/8/13,Establishment re-opened by DOHMH,08A,Facility not vermin proof. Harborage or conditions conducive to attracting vermin to the premises and/or allowing vermin to exist.,Not Critical,11,C,2/8/13,6/6/16,Cycle Inspection / Reopening Inspection
40950465,3/24/14,Violations were cited in the following area(s).,02B,Hot food item not held at or above 140_ F.,Critical,20,A,5/20/14,6/6/16,Cycle Inspection / Initial Inspection
40397056,8/19/15,Violations were cited in the following area(s).,10B,Plumbing not properly installed or maintained; anti-siphonage or backflow prevention device not provided where required; equipment or floor not properly drained; sewage disposal system in disrepair or not functioning properly.,Not Critical,31,,,6/6/16,Cycle Inspection / Initial Inspection
41417857,4/22/15,Violations were cited in the following area(s).,04N,"Filth flies or food/refuse/sewage-associated (FRSA) flies present in facilitys food and/or non-food areas. Filth flies include house flies, little house flies, blow flies, bottle flies and flesh flies. Food/refuse/sewage-associated flies include fruit flies, drain flies and Phorid flies.",Critical,19,A,10/27/14,6/6/16,Cycle Inspection / Initial Inspection
41468267,4/18/13,Violations were cited in the following area(s).,04L,Evidence of mice or live mice present in facility's food and/or non-food areas.,Critical,23,B,4/18/13,6/6/16,Cycle Inspection / Re-inspection
40395480,12/23/15,Violations were cited in the following area(s).,10D,"Mechanical or natural ventilation system not provided, improperly installed, in disrepair and/or fails to prevent excessive build-up of grease, heat, steam condensation vapors, odors, smoke, and fumes.",Not Critical,8,A,12/23/15,6/6/16,Cycle Inspection / Initial Inspection
40397962,6/25/13,Violations were cited in the following area(s).,04H,"Raw, cooked or prepared food is adulterated, contaminated, cross-contaminated, or not discarded in accordance with HACCP plan.",Critical,21,B,6/25/13,6/6/16,Cycle Inspection / Re-inspection
41272917,11/12/13,Violations were cited in the following area(s).,10B,Plumbing not properly installed or maintained; anti-siphonage or backflow prevention device not provided where required; equipment or floor not properly drained; sewage disposal system in disrepair or not functioning properly.,Not Critical,4,A,11/12/13,6/6/16,Cycle Inspection / Re-inspection
41615861,3/6/14,Violations were cited in the following area(s).,06D,"Food contact surface not properly washed, rinsed and sanitized after each use and following any activity when contamination may have occurred.",Critical,13,A,3/6/14,6/6/16,Cycle Inspection / Initial Inspection
50032597,4/19/16,Violations were cited in the following area(s).,04A,Food Protection Certificate not held by supervisor of food operations.,Critical,10,A,4/19/16,6/6/16,Cycle Inspection / Re-inspection
41706383,11/24/14,Violations were cited in the following area(s).,08A,Facility not vermin proof. Harborage or conditions conducive to attracting vermin to the premises and/or allowing vermin to exist.,Not Critical,11,A,11/24/14,6/6/16,Cycle Inspection / Initial Inspection
50041084,2/9/16,Violations were cited in the following area(s).,10H,Proper sanitization not provided for utensil ware washing operation.,Not Critical,6,A,2/9/16,6/6/16,Pre-permit (Operational) / Re-inspection
50001520,1/28/14,Violations were cited in the following area(s).,06E,"Sanitized equipment or utensil, including in-use food dispensing utensil, improperly used or stored.",Critical,35,,,6/6/16,Pre-permit (Operational) / Initial Inspection
50033359,3/24/15,Violations were cited in the following area(s).,10F,"Non-food contact surface improperly constructed. Unacceptable material used. Non-food contact surface or equipment improperly maintained and/or not properly sealed, raised, spaced or movable to allow accessibility for cleaning on all sides, above and underneath the unit.",Not Critical,13,A,3/24/15,6/6/16,Pre-permit (Operational) / Initial Inspection
50002383,11/22/13,Establishment re-closed by DOHMH,08A,Facility not vermin proof. Harborage or conditions conducive to attracting vermin to the premises and/or allowing vermin to exist.,Not Critical,14,,,6/6/16,Pre-permit (Operational) / Reopening Inspection
50000805,7/14/15,Violations were cited in the following area(s).,08A,Facility not vermin proof. Harborage or conditions conducive to attracting vermin to the premises and/or allowing vermin to exist.,Not Critical,18,A,12/30/13,6/6/16,Cycle Inspection / Initial Inspection
40608746,3/22/16,Violations were cited in the following area(s).,08B,"Covered garbage receptacle not provided or inadequate, except that garbage receptacle may be uncovered during active use. Garbage storage area not properly constructed or maintained; grinder or compactor dirty.",Not Critical,10,A,3/22/16,6/6/16,Cycle Inspection / Re-inspection
50009047,8/14/14,Violations were cited in the following area(s).,08A,Facility not vermin proof. Harborage or conditions conducive to attracting vermin to the premises and/or allowing vermin to exist.,Not Critical,10,A,8/14/14,6/6/16,Pre-permit (Operational) / Re-inspection
50002572,11/10/15,Violations were cited in the following area(s).,06C,"Food not protected from potential source of contamination during storage, preparation, transportation, display or service.",Critical,41,A,5/11/16,6/6/16,Cycle Inspection / Initial Inspection
40400185,4/22/13,Violations were cited in the following area(s).,10F,"Non-food contact surface improperly constructed. Unacceptable material used. Non-food contact surface or equipment improperly maintained and/or not properly sealed, raised, spaced or movable to allow accessibility for cleaning on all sides, above and underneath the unit.",Not Critical,44,A,3/18/16,6/6/16,Cycle Inspection / Initial Inspection
40589546,10/6/14,Violations were cited in the following area(s).,22C,"Bulb not shielded or shatterproof, in areas where there is extreme heat, temperature changes, or where accidental contact may occur.",Not Critical,12,A,2/10/15,6/6/16,Administrative Miscellaneous / Re-inspection
41646499,4/8/15,Violations were cited in the following area(s).,02C,Hot food item that has been cooked and refrigerated is being held for service without first being reheated to 1 65_ F or above within 2 hours.,Critical,9,A,4/8/15,6/6/16,Cycle Inspection / Initial Inspection
50011108,7/7/15,Violations were cited in the following area(s).,06C,"Food not protected from potential source of contamination during storage, preparation, transportation, display or service.",Critical,8,A,7/7/15,6/6/16,Cycle Inspection / Initial Inspection
41466937,9/16/13,Establishment Closed by DOHMH.  Violations were cited in the following area(s) and those requiring immediate action were addressed.,02B,Hot food item not held at or above 140_ F.,Critical,74,,,6/6/16,Cycle Inspection / Initial Inspection
41568650,3/16/15,Establishment Closed by DOHMH.  Violations were cited in the following area(s) and those requiring immediate action were addressed.,06C,"Food not protected from potential source of contamination during storage, preparation, transportation, display or service.",Critical,46,A,3/16/16,6/6/16,Cycle Inspection / Initial Inspection
50006668,11/25/14,Violations were cited in the following area(s).,06C,"Food not protected from potential source of contamination during storage, preparation, transportation, display or service.",Critical,27,,,6/6/16,Pre-permit (Operational) / Compliance Inspection
50009639,10/2/15,Violations were cited in the following area(s).,10B,Plumbing not properly installed or maintained; anti-siphonage or backflow prevention device not provided where required; equipment or floor not properly drained; sewage disposal system in disrepair or not functioning properly.,Not Critical,12,A,10/2/15,6/6/16,Cycle Inspection / Initial Inspection
41618952,2/22/14,Violations were cited in the following area(s).,06E,"Sanitized equipment or utensil, including in-use food dispensing utensil, improperly used or stored.",Critical,22,A,12/10/14,6/6/16,Cycle Inspection / Initial Inspection
41425803,10/15/14,No violations were recorded at the time of this inspection.,08C,Pesticide use not in accordance with label or applicable laws. Prohibited chemical used/stored. Open bait station used.,Not Applicable,15,,,6/6/16,Administrative Miscellaneous / Initial Inspection
41570916,8/4/15,Violations were cited in the following area(s).,10F,"Non-food contact surface improperly constructed. Unacceptable material used. Non-food contact surface or equipment improperly maintained and/or not properly sealed, raised, spaced or movable to allow accessibility for cleaning on all sides, above and underneath the unit.",Not Critical,35,,,6/6/16,Cycle Inspection / Initial Inspection
41566261,1/28/16,Violations were cited in the following area(s).,06D,"Food contact surface not properly washed, rinsed and sanitized after each use and following any activity when contamination may have occurred.",Critical,10,A,1/28/16,6/6/16,Cycle Inspection / Initial Inspection
40609087,11/27/15,Violations were cited in the following area(s).,08A,Facility not vermin proof. Harborage or conditions conducive to attracting vermin to the premises and/or allowing vermin to exist.,Not Critical,9,A,11/27/15,6/6/16,Cycle Inspection / Re-inspection
50010727,2/17/16,Violations were cited in the following area(s).,04C,Food worker does not use proper utensil to eliminate bare hand contact with food that will not receive adequate additional heat treatment.,Critical,12,A,2/17/16,6/6/16,Cycle Inspection / Initial Inspection
41620375,4/15/16,Violations were cited in the following area(s).,02B,Hot food item not held at or above 140_ F.,Critical,9,A,4/15/16,6/6/16,Cycle Inspection / Initial Inspection
41539948,9/3/15,Violations were cited in the following area(s).,04L,Evidence of mice or live mice present in facility's food and/or non-food areas.,Critical,12,A,9/3/15,6/6/16,Cycle Inspection / Re-inspection
50000521,2/22/16,Violations were cited in the following area(s).,08A,Facility not vermin proof. Harborage or conditions conducive to attracting vermin to the premises and/or allowing vermin to exist.,Not Critical,23,B,2/22/16,6/6/16,Cycle Inspection / Re-inspection
41304410,6/4/13,Violations were cited in the following area(s).,06D,"Food contact surface not properly washed, rinsed and sanitized after each use and following any activity when contamination may have occurred.",Critical,13,A,6/4/13,6/6/16,Cycle Inspection / Initial Inspection
41705850,2/10/14,Violations were cited in the following area(s).,04J,"Appropriately scaled metal stem-type thermometer or thermocouple not provided or used to evaluate temperatures of potentially hazardous foods during cooking, cooling, reheating and holding.",Critical,30,,,6/6/16,Cycle Inspection / Initial Inspection
41636931,8/2/13,Violations were cited in the following area(s).,02G,Cold food item held above 41_ F (smoked fish and reduced oxygen packaged foods above 38 ) except during necessary preparation.,Critical,17,A,4/4/13,6/6/16,Cycle Inspection / Initial Inspection
50001215,2/18/15,Violations were cited in the following area(s).,20F,Current letter grade card not posted.,Not Critical,13,A,11/29/12,6/6/16,Administrative Miscellaneous / Second Compliance Inspection
41409441,1/23/15,Violations were cited in the following area(s).,02B,Hot food item not held at or above 140_ F.,Critical,13,A,1/23/15,6/6/16,Cycle Inspection / Re-inspection
41574776,1/6/16,Violations were cited in the following area(s).,10F,"Non-food contact surface improperly constructed. Unacceptable material used. Non-food contact surface or equipment improperly maintained and/or not properly sealed, raised, spaced or movable to allow accessibility for cleaning on all sides, above and underneath the unit.",Not Critical,9,A,1/6/16,6/6/16,Cycle Inspection / Re-inspection
40950482,7/16/15,Violations were cited in the following area(s).,10B,Plumbing not properly installed or maintained; anti-siphonage or backflow prevention device not provided where required; equipment or floor not properly drained; sewage disposal system in disrepair or not functioning properly.,Not Critical,13,A,7/16/15,6/6/16,Cycle Inspection / Re-inspection
41284555,5/7/15,No violations were recorded at the time of this inspection.,04N,"Filth flies or food/refuse/sewage-associated (FRSA) flies present in facilitys food and/or non-food areas. Filth flies include house flies, little house flies, blow flies, bottle flies and flesh flies. Food/refuse/sewage-associated flies include fruit flies, drain flies and Phorid flies.",Not Applicable,7,,,6/6/16,Administrative Miscellaneous / Initial Inspection
41535326,2/1/16,Violations were cited in the following area(s).,06D,"Food contact surface not properly washed, rinsed and sanitized after each use and following any activity when contamination may have occurred.",Critical,31,A,2/9/15,6/6/16,Cycle Inspection / Initial Inspection
50018922,4/11/16,Violations were cited in the following area(s).,04L,Evidence of mice or live mice present in facility's food and/or non-food areas.,Critical,26,B,4/11/16,6/6/16,Cycle Inspection / Re-inspection
50018908,2/20/15,Violations were cited in the following area(s).,06C,"Food not protected from potential source of contamination during storage, preparation, transportation, display or service.",Critical,28,A,7/23/15,6/6/16,Pre-permit (Operational) / Initial Inspection
40661290,11/27/15,Violations were cited in the following area(s).,02B,Hot food item not held at or above 140_ F.,Critical,9,A,11/27/15,6/6/16,Cycle Inspection / Initial Inspection
41304510,6/16/14,Violations were cited in the following area(s).,02B,Hot food item not held at or above 140_ F.,Critical,16,B,8/6/15,6/6/16,Cycle Inspection / Initial Inspection
50004978,5/1/14,Violations were cited in the following area(s).,02G,Cold food item held above 41_ F (smoked fish and reduced oxygen packaged foods above 38 ) except during necessary preparation.,Critical,32,A,5/18/15,6/6/16,Pre-permit (Operational) / Initial Inspection
50009844,5/16/14,Violations were cited in the following area(s).,10F,"Non-food contact surface improperly constructed. Unacceptable material used. Non-food contact surface or equipment improperly maintained and/or not properly sealed, raised, spaced or movable to allow accessibility for cleaning on all sides, above and underneath the unit.",Not Critical,20,B,5/20/15,6/6/16,Pre-permit (Non-operational) / Initial Inspection
41293514,2/19/14,Violations were cited in the following area(s).,08A,Facility not vermin proof. Harborage or conditions conducive to attracting vermin to the premises and/or allowing vermin to exist.,Not Critical,33,A,5/5/16,6/6/16,Cycle Inspection / Initial Inspection
50045050,12/30/15,Violations were cited in the following area(s).,10F,"Non-food contact surface improperly constructed. Unacceptable material used. Non-food contact surface or equipment improperly maintained and/or not properly sealed, raised, spaced or movable to allow accessibility for cleaning on all sides, above and underneath the unit.",Not Critical,7,A,8/15/13,6/6/16,Pre-permit (Non-operational) / Re-inspection
41237575,4/3/14,Establishment Closed by DOHMH.  Violations were cited in the following area(s) and those requiring immediate action were addressed.,08A,Facility not vermin proof. Harborage or conditions conducive to attracting vermin to the premises and/or allowing vermin to exist.,Not Critical,23,A,9/20/12,6/6/16,Cycle Inspection / Re-inspection
41022489,1/29/16,Violations were cited in the following area(s).,08C,Pesticide use not in accordance with label or applicable laws. Prohibited chemical used/stored. Open bait station used.,Not Critical,13,A,1/29/16,6/6/16,Cycle Inspection / Re-inspection
41544114,7/11/13,Violations were cited in the following area(s).,02B,Hot food item not held at or above 140_ F.,Critical,34,A,5/14/15,6/6/16,Cycle Inspection / Initial Inspection
41071980,10/2/13,Violations were cited in the following area(s).,06E,"Sanitized equipment or utensil, including in-use food dispensing utensil, improperly used or stored.",Critical,38,B,7/21/15,6/6/16,Cycle Inspection / Initial Inspection
50014878,10/1/14,Violations were cited in the following area(s).,10F,"Non-food contact surface improperly constructed. Unacceptable material used. Non-food contact surface or equipment improperly maintained and/or not properly sealed, raised, spaced or movable to allow accessibility for cleaning on all sides, above and underneath the unit.",Not Critical,4,A,10/1/14,6/6/16,Pre-permit (Operational) / Initial Inspection
50007879,5/4/15,Violations were cited in the following area(s).,10F,"Non-food contact surface improperly constructed. Unacceptable material used. Non-food contact surface or equipment improperly maintained and/or not properly sealed, raised, spaced or movable to allow accessibility for cleaning on all sides, above and underneath the unit.",Not Critical,4,A,5/4/15,6/6/16,Cycle Inspection / Initial Inspection
40399729,3/24/16,Violations were cited in the following area(s).,10F,"Non-food contact surface improperly constructed. Unacceptable material used. Non-food contact surface or equipment improperly maintained and/or not properly sealed, raised, spaced or movable to allow accessibility for cleaning on all sides, above and underneath the unit.",Not Critical,32,A,11/12/15,6/6/16,Cycle Inspection / Initial Inspection
41083469,3/5/13,Violations were cited in the following area(s).,08A,Facility not vermin proof. Harborage or conditions conducive to attracting vermin to the premises and/or allowing vermin to exist.,Not Critical,30,A,5/27/15,6/6/16,Cycle Inspection / Initial Inspection
41604805,7/14/15,Violations were cited in the following area(s).,10F,"Non-food contact surface improperly constructed. Unacceptable material used. Non-food contact surface or equipment improperly maintained and/or not properly sealed, raised, spaced or movable to allow accessibility for cleaning on all sides, above and underneath the unit.",Not Critical,21,A,8/14/15,6/6/16,Cycle Inspection / Initial Inspection
41555969,7/10/13,Violations were cited in the following area(s).,06D,"Food contact surface not properly washed, rinsed and sanitized after each use and following any activity when contamination may have occurred.",Critical,22,A,4/1/16,6/6/16,Cycle Inspection / Initial Inspection
41646963,11/6/15,Violations were cited in the following area(s).,09C,Food contact surface not properly maintained.,Not Critical,27,C,8/15/13,6/6/16,Cycle Inspection / Initial Inspection
40394518,3/21/15,Violations were cited in the following area(s).,16A,"A food containing artificial trans fat, with 0.5 grams or more of trans fat per serving, is being stored, distributed, held for service, used in preparation of a menu item, or served.",Not Critical,21,A,6/18/15,6/6/16,Trans Fat / Re-inspection
40638566,6/14/13,Establishment re-opened by DOHMH,04L,Evidence of mice or live mice present in facility's food and/or non-food areas.,Not Applicable,0,C,6/14/13,6/6/16,Cycle Inspection / Reopening Inspection
50007323,8/10/15,Violations were cited in the following area(s).,10I,"Single service item reused, improperly stored, dispensed; not used when required.",Not Critical,4,A,8/10/15,6/6/16,Cycle Inspection / Initial Inspection
41692902,9/17/14,Violations were cited in the following area(s).,08A,Facility not vermin proof. Harborage or conditions conducive to attracting vermin to the premises and/or allowing vermin to exist.,Not Critical,10,A,9/17/14,6/6/16,Cycle Inspection / Initial Inspection
50001322,7/31/14,Violations were cited in the following area(s).,10F,"Non-food contact surface improperly constructed. Unacceptable material used. Non-food contact surface or equipment improperly maintained and/or not properly sealed, raised, spaced or movable to allow accessibility for cleaning on all sides, above and underneath the unit.",Not Critical,12,A,7/31/14,6/6/16,Cycle Inspection / Initial Inspection
41205305,6/24/14,Violations were cited in the following area(s).,10I,"Single service item reused, improperly stored, dispensed; not used when required.",Not Critical,19,B,6/24/14,6/6/16,Cycle Inspection / Re-inspection
41655252,2/22/14,Violations were cited in the following area(s).,06C,"Food not protected from potential source of contamination during storage, preparation, transportation, display or service.",Critical,16,B,2/22/14,6/6/16,Cycle Inspection / Re-inspection
41038490,10/31/13,Violations were cited in the following area(s).,10A,"Toilet facility not maintained and provided with toilet paper, waste receptacle and self-closing door.",Not Critical,12,A,10/31/13,6/6/16,Cycle Inspection / Initial Inspection
40892887,1/22/15,Violations were cited in the following area(s).,10F,"Non-food contact surface improperly constructed. Unacceptable material used. Non-food contact surface or equipment improperly maintained and/or not properly sealed, raised, spaced or movable to allow accessibility for cleaning on all sides, above and underneath the unit.",Not Critical,21,B,5/23/13,6/6/16,Cycle Inspection / Initial Inspection
41343526,4/13/15,Violations were cited in the following area(s).,10F,"Non-food contact surface improperly constructed. Unacceptable material used. Non-food contact surface or equipment improperly maintained and/or not properly sealed, raised, spaced or movable to allow accessibility for cleaning on all sides, above and underneath the unit.",Not Critical,10,A,4/13/15,6/6/16,Cycle Inspection / Initial Inspection
41543970,2/4/13,Establishment Closed by DOHMH.  Violations were cited in the following area(s) and those requiring immediate action were addressed.,04C,Food worker does not use proper utensil to eliminate bare hand contact with food that will not receive adequate additional heat treatment.,Critical,52,A,4/22/14,6/6/16,Cycle Inspection / Initial Inspection
50004171,9/27/14,Violations were cited in the following area(s).,15L,"Smoke free workplace smoking policy inadequate, not posted, not provided to employees.",Not Critical,9,A,3/25/13,6/6/16,Smoke-Free Air Act / Initial Inspection
41702488,5/28/14,Violations were cited in the following area(s).,10F,"Non-food contact surface improperly constructed. Unacceptable material used. Non-food contact surface or equipment improperly maintained and/or not properly sealed, raised, spaced or movable to allow accessibility for cleaning on all sides, above and underneath the unit.",Not Critical,30,A,2/21/13,6/6/16,Cycle Inspection / Initial Inspection
40385161,4/4/15,Violations were cited in the following area(s).,06A,Personal cleanliness inadequate. Outer garment soiled with possible contaminant.  Effective hair restraint not worn in an area where food is prepared.,Critical,12,Z,3/24/16,6/6/16,Cycle Inspection / Initial Inspection
50009925,8/21/14,Violations were cited in the following area(s).,10F,"Non-food contact surface improperly constructed. Unacceptable material used. Non-food contact surface or equipment improperly maintained and/or not properly sealed, raised, spaced or movable to allow accessibility for cleaning on all sides, above and underneath the unit.",Not Critical,34,A,4/9/15,6/6/16,Pre-permit (Operational) / Initial Inspection
41497403,8/21/14,Violations were cited in the following area(s).,10J,''''Wash hands sign not posted at hand wash facility.,Not Critical,2,A,8/21/14,6/6/16,Cycle Inspection / Re-inspection
41327047,2/11/15,Violations were cited in the following area(s).,04L,Evidence of mice or live mice present in facility's food and/or non-food areas.,Critical,10,A,2/11/15,6/6/16,Cycle Inspection / Re-inspection
40760523,3/17/14,Violations were cited in the following area(s).,16C,"Caloric content not posted on menus, menu boards or food tags, in a food service establishment that is 1 of 15 or more outlets operating the same type of business nationally under common ownership or control, or as a franchise or doing business under the same name, for each menu item that is served in portions, the size and content of which are standardized.",Not Critical,7,A,10/20/14,6/6/16,Calorie Posting / Initial Inspection
40388730,10/15/13,Violations were cited in the following area(s).,10D,"Mechanical or natural ventilation system not provided, improperly installed, in disrepair and/or fails to prevent excessive build-up of grease, heat, steam condensation vapors, odors, smoke, and fumes.",Not Critical,41,B,9/18/15,6/6/16,Cycle Inspection / Initial Inspection
50046867,4/4/16,Violations were cited in the following area(s).,06C,"Food not protected from potential source of contamination during storage, preparation, transportation, display or service.",Critical,7,A,4/4/16,6/6/16,Pre-permit (Operational) / Re-inspection
40607019,6/9/15,Violations were cited in the following area(s).,06C,"Food not protected from potential source of contamination during storage, preparation, transportation, display or service.",Critical,46,,,6/6/16,Cycle Inspection / Initial Inspection
41716001,6/5/13,No violations were recorded at the time of this inspection.,06F,Wiping cloths soiled or not stored in sanitizing solution.,Not Applicable,10,A,5/21/15,6/6/16,Administrative Miscellaneous / Re-inspection
41659545,4/2/15,Violations were cited in the following area(s).,10F,"Non-food contact surface improperly constructed. Unacceptable material used. Non-food contact surface or equipment improperly maintained and/or not properly sealed, raised, spaced or movable to allow accessibility for cleaning on all sides, above and underneath the unit.",Not Critical,11,A,4/2/15,6/6/16,Cycle Inspection / Initial Inspection
41208272,5/6/14,Violations were cited in the following area(s).,10F,"Non-food contact surface improperly constructed. Unacceptable material used. Non-food contact surface or equipment improperly maintained and/or not properly sealed, raised, spaced or movable to allow accessibility for cleaning on all sides, above and underneath the unit.",Not Critical,4,A,5/6/14,6/6/16,Cycle Inspection / Initial Inspection
41258880,2/26/13,Violations were cited in the following area(s).,10F,"Non-food contact surface improperly constructed. Unacceptable material used. Non-food contact surface or equipment improperly maintained and/or not properly sealed, raised, spaced or movable to allow accessibility for cleaning on all sides, above and underneath the unit.",Not Critical,3,A,2/26/13,6/6/16,Cycle Inspection / Initial Inspection
41354417,5/9/14,Violations were cited in the following area(s).,15L,"Smoke free workplace smoking policy inadequate, not posted, not provided to employees.",Not Critical,12,A,12/22/14,6/6/16,Smoke-Free Air Act / Initial Inspection
41014673,7/25/13,Violations were cited in the following area(s).,02B,Hot food item not held at or above 140_ F.,Critical,18,A,6/26/13,6/6/16,Cycle Inspection / Initial Inspection
40593817,12/15/14,Violations were cited in the following area(s).,08A,Facility not vermin proof. Harborage or conditions conducive to attracting vermin to the premises and/or allowing vermin to exist.,Not Critical,22,,,6/6/16,Cycle Inspection / Initial Inspection
40515124,5/11/15,Violations were cited in the following area(s).,10F,"Non-food contact surface improperly constructed. Unacceptable material used. Non-food contact surface or equipment improperly maintained and/or not properly sealed, raised, spaced or movable to allow accessibility for cleaning on all sides, above and underneath the unit.",Not Critical,11,A,1/8/14,6/6/16,Cycle Inspection / Initial Inspection
41334692,11/4/13,Violations were cited in the following area(s).,08A,Facility not vermin proof. Harborage or conditions conducive to attracting vermin to the premises and/or allowing vermin to exist.,Not Critical,11,B,7/7/15,6/6/16,Cycle Inspection / Initial Inspection
41467392,12/5/12,Violations were cited in the following area(s).,10F,"Non-food contact surface improperly constructed. Unacceptable material used. Non-food contact surface or equipment improperly maintained and/or not properly sealed, raised, spaced or movable to allow accessibility for cleaning on all sides, above and underneath the unit.",Not Critical,12,A,12/5/12,6/6/16,Cycle Inspection / Re-inspection
40387787,7/8/15,Violations were cited in the following area(s).,06A,Personal cleanliness inadequate. Outer garment soiled with possible contaminant.  Effective hair restraint not worn in an area where food is prepared.,Critical,12,A,7/8/15,6/6/16,Cycle Inspection / Initial Inspection
50002789,4/29/15,Establishment Closed by DOHMH.  Violations were cited in the following area(s) and those requiring immediate action were addressed.,04K,Evidence of rats or live rats present in facility's food and/or non-food areas.,Critical,56,,,6/6/16,Cycle Inspection / Initial Inspection
50018919,3/16/15,Violations were cited in the following area(s).,10B,Plumbing not properly installed or maintained; anti-siphonage or backflow prevention device not provided where required; equipment or floor not properly drained; sewage disposal system in disrepair or not functioning properly.,Not Critical,10,A,3/16/15,6/6/16,Pre-permit (Operational) / Re-inspection
41346018,2/15/14,Violations were cited in the following area(s).,02H,"Food not cooled by an approved method whereby the internal product temperature is reduced from 140_ F to 70_ F or less within 2 hours, and from 70_ F to 41_ F or less within 4 additional hours.",Critical,22,B,2/3/14,6/6/16,Cycle Inspection / Initial Inspection
50000138,11/13/13,Establishment Closed by DOHMH.  Violations were cited in the following area(s) and those requiring immediate action were addressed.,08A,Facility not vermin proof. Harborage or conditions conducive to attracting vermin to the premises and/or allowing vermin to exist.,Not Critical,43,,,6/6/16,Pre-permit (Operational) / Compliance Inspection
41714253,11/18/14,Violations were cited in the following area(s).,04H,"Raw, cooked or prepared food is adulterated, contaminated, cross-contaminated, or not discarded in accordance with HACCP plan.",Critical,11,A,11/18/14,6/6/16,Cycle Inspection / Initial Inspection
41701274,8/13/13,Violations were cited in the following area(s).,06C,"Food not protected from potential source of contamination during storage, preparation, transportation, display or service.",Critical,25,A,5/6/14,6/6/16,Cycle Inspection / Initial Inspection
50009758,6/2/14,Violations were cited in the following area(s).,04A,Food Protection Certificate not held by supervisor of food operations.,Critical,26,A,4/3/15,6/6/16,Pre-permit (Operational) / Initial Inspection
50005087,4/24/14,Violations were cited in the following area(s).,10B,Plumbing not properly installed or maintained; anti-siphonage or backflow prevention device not provided where required; equipment or floor not properly drained; sewage disposal system in disrepair or not functioning properly.,Not Critical,12,A,4/24/14,6/6/16,Pre-permit (Operational) / Initial Inspection
41566403,4/30/14,Violations were cited in the following area(s).,02G,Cold food item held above 41_ F (smoked fish and reduced oxygen packaged foods above 38 ) except during necessary preparation.,Critical,21,A,8/14/13,6/6/16,Cycle Inspection / Initial Inspection
50001844,6/28/14,Violations were cited in the following area(s).,08A,Facility not vermin proof. Harborage or conditions conducive to attracting vermin to the premises and/or allowing vermin to exist.,Not Critical,14,B,6/28/14,6/6/16,Cycle Inspection / Re-inspection
40397305,12/12/14,Violations were cited in the following area(s).,10H,Proper sanitization not provided for utensil ware washing operation.,Not Critical,8,A,12/12/14,6/6/16,Cycle Inspection / Initial Inspection
40927832,9/19/13,Violations were cited in the following area(s).,10B,Plumbing not properly installed or maintained; anti-siphonage or backflow prevention device not provided where required; equipment or floor not properly drained; sewage disposal system in disrepair or not functioning properly.,Not Critical,26,A,8/22/13,6/6/16,Cycle Inspection / Initial Inspection
40951377,8/12/13,Violations were cited in the following area(s).,06A,Personal cleanliness inadequate. Outer garment soiled with possible contaminant.  Effective hair restraint not worn in an area where food is prepared.,Critical,9,A,8/12/13,6/6/16,Cycle Inspection / Re-inspection
41356077,1/29/14,Violations were cited in the following area(s).,06A,Personal cleanliness inadequate. Outer garment soiled with possible contaminant.  Effective hair restraint not worn in an area where food is prepared.,Critical,22,B,1/29/14,6/6/16,Cycle Inspection / Re-inspection
41677179,9/17/15,Violations were cited in the following area(s).,10B,Plumbing not properly installed or maintained; anti-siphonage or backflow prevention device not provided where required; equipment or floor not properly drained; sewage disposal system in disrepair or not functioning properly.,Not Critical,17,A,6/14/13,6/6/16,Cycle Inspection / Initial Inspection
41293502,5/20/13,Violations were cited in the following area(s).,10B,Plumbing not properly installed or maintained; anti-siphonage or backflow prevention device not provided where required; equipment or floor not properly drained; sewage disposal system in disrepair or not functioning properly.,Not Critical,27,A,12/17/14,6/6/16,Cycle Inspection / Initial Inspection
41715309,8/26/15,Violations were cited in the following area(s).,08A,Facility not vermin proof. Harborage or conditions conducive to attracting vermin to the premises and/or allowing vermin to exist.,Not Critical,35,,,6/6/16,Cycle Inspection / Initial Inspection
41091640,9/4/14,Violations were cited in the following area(s).,09B,Thawing procedures improper.,Not Critical,10,A,9/4/14,6/6/16,Cycle Inspection / Initial Inspection
40653513,7/7/15,Violations were cited in the following area(s).,02B,Hot food item not held at or above 140_ F.,Critical,20,,,6/6/16,Cycle Inspection / Initial Inspection
40387890,11/26/14,Violations were cited in the following area(s).,04M,Live roaches present in facility's food and/or non-food areas.,Critical,46,A,6/15/15,6/6/16,Cycle Inspection / Initial Inspection
41638854,11/9/15,Violations were cited in the following area(s).,08A,Facility not vermin proof. Harborage or conditions conducive to attracting vermin to the premises and/or allowing vermin to exist.,Not Critical,10,A,11/9/15,6/6/16,Cycle Inspection / Re-inspection
50000543,1/8/15,Violations were cited in the following area(s).,04L,Evidence of mice or live mice present in facility's food and/or non-food areas.,Critical,31,C,1/8/15,6/6/16,Cycle Inspection / Re-inspection
41504405,1/30/14,Violations were cited in the following area(s).,06C,"Food not protected from potential source of contamination during storage, preparation, transportation, display or service.",Critical,27,,,6/6/16,Cycle Inspection / Initial Inspection
41632319,8/24/13,Violations were cited in the following area(s).,06E,"Sanitized equipment or utensil, including in-use food dispensing utensil, improperly used or stored.",Critical,28,B,2/22/16,6/6/16,Cycle Inspection / Initial Inspection
41042466,6/25/14,Violations were cited in the following area(s).,02G,Cold food item held above 41_ F (smoked fish and reduced oxygen packaged foods above 38 ) except during necessary preparation.,Critical,11,A,6/25/14,6/6/16,Cycle Inspection / Re-inspection
40942073,12/4/14,Violations were cited in the following area(s).,02H,"Food not cooled by an approved method whereby the internal product temperature is reduced from 140_ F to 70_ F or less within 2 hours, and from 70_ F to 41_ F or less within 4 additional hours.",Critical,12,B,9/3/13,6/6/16,Cycle Inspection / Initial Inspection
50017681,12/23/14,Violations were cited in the following area(s).,10E,Accurate thermometer not provided in refrigerated or hot holding equipment.,Not Critical,40,A,5/21/15,6/6/16,Pre-permit (Non-operational) / Initial Inspection
41041733,12/5/13,Violations were cited in the following area(s).,08A,Facility not vermin proof. Harborage or conditions conducive to attracting vermin to the premises and/or allowing vermin to exist.,Not Critical,25,,,6/6/16,Cycle Inspection / Initial Inspection
41418978,5/2/13,Violations were cited in the following area(s).,08A,Facility not vermin proof. Harborage or conditions conducive to attracting vermin to the premises and/or allowing vermin to exist.,Not Critical,12,A,5/2/13,6/6/16,Cycle Inspection / Re-inspection
40660816,3/20/14,Violations were cited in the following area(s).,02B,Hot food item not held at or above 140_ F.,Critical,11,A,3/20/14,6/6/16,Cycle Inspection / Initial Inspection
50032907,6/2/16,Violations were cited in the following area(s).,02B,Hot food item not held at or above 140_ F.,Critical,28,A,1/7/16,6/6/16,Cycle Inspection / Initial Inspection
41502643,8/27/15,Violations were cited in the following area(s).,10B,Plumbing not properly installed or maintained; anti-siphonage or backflow prevention device not provided where required; equipment or floor not properly drained; sewage disposal system in disrepair or not functioning properly.,Not Critical,23,B,8/27/15,6/6/16,Cycle Inspection / Re-inspection
40750612,1/21/15,Violations were cited in the following area(s).,04H,"Raw, cooked or prepared food is adulterated, contaminated, cross-contaminated, or not discarded in accordance with HACCP plan.",Critical,12,A,1/21/15,6/6/16,Cycle Inspection / Initial Inspection
41569764,7/17/14,Violations were cited in the following area(s).,04L,Evidence of mice or live mice present in facility's food and/or non-food areas.,Critical,14,A,12/4/15,6/6/16,Cycle Inspection / Initial Inspection
40916719,4/4/13,Violations were cited in the following area(s).,02G,Cold food item held above 41_ F (smoked fish and reduced oxygen packaged foods above 38 ) except during necessary preparation.,Critical,30,C,4/4/13,6/6/16,Cycle Inspection / Re-inspection
50002299,7/13/15,Violations were cited in the following area(s).,10D,"Mechanical or natural ventilation system not provided, improperly installed, in disrepair and/or fails to prevent excessive build-up of grease, heat, steam condensation vapors, odors, smoke, and fumes.",Not Critical,9,A,7/13/15,6/6/16,Cycle Inspection / Initial Inspection
40388863,2/4/16,Violations were cited in the following area(s).,06D,"Food contact surface not properly washed, rinsed and sanitized after each use and following any activity when contamination may have occurred.",Critical,27,A,1/21/15,6/6/16,Cycle Inspection / Initial Inspection
40875639,1/24/15,Violations were cited in the following area(s).,06C,"Food not protected from potential source of contamination during storage, preparation, transportation, display or service.",Critical,25,B,1/24/15,6/6/16,Cycle Inspection / Re-inspection
41083343,1/11/16,Violations were cited in the following area(s).,04L,Evidence of mice or live mice present in facility's food and/or non-food areas.,Critical,12,A,1/11/16,6/6/16,Cycle Inspection / Re-inspection
50005201,1/7/14,Violations were cited in the following area(s).,22A,"Nuisance created or allowed to exist. Facility not free from unsafe, hazardous, offensive or annoying conditions.",Not Critical,50,B,9/17/13,6/6/16,Administrative Miscellaneous / Initial Inspection
40877264,5/15/13,Violations were cited in the following area(s).,04C,Food worker does not use proper utensil to eliminate bare hand contact with food that will not receive adequate additional heat treatment.,Critical,40,C,5/15/13,6/6/16,Cycle Inspection / Re-inspection
40382367,12/4/14,Violations were cited in the following area(s).,10B,Plumbing not properly installed or maintained; anti-siphonage or backflow prevention device not provided where required; equipment or floor not properly drained; sewage disposal system in disrepair or not functioning properly.,Not Critical,22,B,7/31/13,6/6/16,Cycle Inspection / Initial Inspection
41406895,3/4/16,Violations were cited in the following area(s).,10F,"Non-food contact surface improperly constructed. Unacceptable material used. Non-food contact surface or equipment improperly maintained and/or not properly sealed, raised, spaced or movable to allow accessibility for cleaning on all sides, above and underneath the unit.",Not Critical,24,A,9/13/13,6/6/16,Cycle Inspection / Initial Inspection
41710558,6/27/13,Violations were cited in the following area(s).,04C,Food worker does not use proper utensil to eliminate bare hand contact with food that will not receive adequate additional heat treatment.,Critical,26,,,6/6/16,Cycle Inspection / Initial Inspection
40656139,4/30/14,Violations were cited in the following area(s).,06D,"Food contact surface not properly washed, rinsed and sanitized after each use and following any activity when contamination may have occurred.",Critical,23,,,6/6/16,Cycle Inspection / Initial Inspection
41300526,3/3/15,Violations were cited in the following area(s).,08A,Facility not vermin proof. Harborage or conditions conducive to attracting vermin to the premises and/or allowing vermin to exist.,Not Critical,21,,,6/6/16,Cycle Inspection / Initial Inspection
41338955,10/23/13,Violations were cited in the following area(s).,08A,Facility not vermin proof. Harborage or conditions conducive to attracting vermin to the premises and/or allowing vermin to exist.,Not Critical,18,B,10/23/13,6/6/16,Cycle Inspection / Re-inspection
41325741,4/2/15,Violations were cited in the following area(s).,04J,"Appropriately scaled metal stem-type thermometer or thermocouple not provided or used to evaluate temperatures of potentially hazardous foods during cooking, cooling, reheating and holding.",Critical,19,B,4/2/15,6/6/16,Cycle Inspection / Re-inspection
50010938,6/16/14,Violations were cited in the following area(s).,02B,Hot food item not held at or above 140_ F.,Critical,32,,,6/6/16,Pre-permit (Operational) / Initial Inspection
41298790,5/1/14,Violations were cited in the following area(s).,06D,"Food contact surface not properly washed, rinsed and sanitized after each use and following any activity when contamination may have occurred.",Critical,9,A,5/1/14,6/6/16,Cycle Inspection / Initial Inspection
41576490,9/16/13,Violations were cited in the following area(s).,04L,Evidence of mice or live mice present in facility's food and/or non-food areas.,Critical,18,A,8/30/13,6/6/16,Cycle Inspection / Initial Inspection
40849580,3/23/15,Violations were cited in the following area(s).,06E,"Sanitized equipment or utensil, including in-use food dispensing utensil, improperly used or stored.",Critical,35,C,5/10/14,6/6/16,Cycle Inspection / Initial Inspection
41688773,11/7/13,Establishment Closed by DOHMH.  Violations were cited in the following area(s) and those requiring immediate action were addressed.,04M,Live roaches present in facility's food and/or non-food areas.,Critical,41,B,9/30/13,6/6/16,Cycle Inspection / Re-inspection
40515597,2/13/14,Violations were cited in the following area(s).,09B,Thawing procedures improper.,Not Critical,16,,,6/6/16,Cycle Inspection / Initial Inspection
50007410,5/20/16,Violations were cited in the following area(s).,10F,"Non-food contact surface improperly constructed. Unacceptable material used. Non-food contact surface or equipment improperly maintained and/or not properly sealed, raised, spaced or movable to allow accessibility for cleaning on all sides, above and underneath the unit.",Not Critical,26,B,12/9/15,6/6/16,Cycle Inspection / Initial Inspection
41032752,5/31/14,Violations were cited in the following area(s).,02B,Hot food item not held at or above 140_ F.,Critical,27,A,8/14/12,6/6/16,Cycle Inspection / Initial Inspection
50018819,5/26/16,Violations were cited in the following area(s).,10I,"Single service item reused, improperly stored, dispensed; not used when required.",Not Critical,12,A,5/26/16,6/6/16,Cycle Inspection / Re-inspection
41492204,3/31/16,Establishment Closed by DOHMH.  Violations were cited in the following area(s) and those requiring immediate action were addressed.,04K,Evidence of rats or live rats present in facility's food and/or non-food areas.,Critical,33,B,10/7/15,6/6/16,Cycle Inspection / Re-inspection
41385076,2/22/16,Violations were cited in the following area(s).,02B,Hot food item not held at or above 140_ F.,Critical,12,A,2/22/16,6/6/16,Cycle Inspection / Initial Inspection
41161706,3/18/15,Violations were cited in the following area(s).,06D,"Food contact surface not properly washed, rinsed and sanitized after each use and following any activity when contamination may have occurred.",Critical,12,A,3/18/15,6/6/16,Cycle Inspection / Initial Inspection
41683811,7/25/14,Violations were cited in the following area(s).,20E,Letter Grade or Grade Pending card not conspicuously posted and visible to passersby.,Not Critical,16,,,6/6/16,Administrative Miscellaneous / Re-inspection
50046208,4/14/16,Violations were cited in the following area(s).,06C,"Food not protected from potential source of contamination during storage, preparation, transportation, display or service.",Critical,12,A,4/14/16,6/6/16,Pre-permit (Operational) / Re-inspection
41620117,6/13/14,Violations were cited in the following area(s).,02G,Cold food item held above 41_ F (smoked fish and reduced oxygen packaged foods above 38 ) except during necessary preparation.,Critical,9,A,6/13/14,6/6/16,Cycle Inspection / Initial Inspection
41240119,11/20/13,Violations were cited in the following area(s).,10F,"Non-food contact surface improperly constructed. Unacceptable material used. Non-food contact surface or equipment improperly maintained and/or not properly sealed, raised, spaced or movable to allow accessibility for cleaning on all sides, above and underneath the unit.",Not Critical,11,A,11/20/13,6/6/16,Cycle Inspection / Initial Inspection
50010122,5/22/14,Violations were cited in the following area(s).,10F,"Non-food contact surface improperly constructed. Unacceptable material used. Non-food contact surface or equipment improperly maintained and/or not properly sealed, raised, spaced or movable to allow accessibility for cleaning on all sides, above and underneath the unit.",Not Critical,16,A,11/30/13,6/6/16,Pre-permit (Operational) / Initial Inspection
41401447,2/20/13,Violations were cited in the following area(s).,06E,"Sanitized equipment or utensil, including in-use food dispensing utensil, improperly used or stored.",Critical,10,A,2/20/13,6/6/16,Cycle Inspection / Re-inspection
40742158,6/11/14,Violations were cited in the following area(s).,04O,Live animals other than fish in tank or service animal present in facility's food and/or non-food areas.,Critical,27,,,6/6/16,Cycle Inspection / Initial Inspection
50014212,3/18/15,Violations were cited in the following area(s).,10F,"Non-food contact surface improperly constructed. Unacceptable material used. Non-food contact surface or equipment improperly maintained and/or not properly sealed, raised, spaced or movable to allow accessibility for cleaning on all sides, above and underneath the unit.",Not Critical,10,A,3/18/15,6/6/16,Cycle Inspection / Initial Inspection
41046492,11/13/15,Violations were cited in the following area(s).,04K,Evidence of rats or live rats present in facility's food and/or non-food areas.,Critical,16,A,12/8/15,6/6/16,Cycle Inspection / Initial Inspection
40921141,5/29/13,Violations were cited in the following area(s).,22A,"Nuisance created or allowed to exist. Facility not free from unsafe, hazardous, offensive or annoying conditions.",Not Critical,12,A,5/12/15,6/6/16,Administrative Miscellaneous / Initial Inspection
41546760,7/7/15,Violations were cited in the following area(s).,10B,Plumbing not properly installed or maintained; anti-siphonage or backflow prevention device not provided where required; equipment or floor not properly drained; sewage disposal system in disrepair or not functioning properly.,Not Critical,11,A,1/2/15,6/6/16,Cycle Inspection / Initial Inspection
40397520,12/4/14,Violations were cited in the following area(s).,08C,Pesticide use not in accordance with label or applicable laws. Prohibited chemical used/stored. Open bait station used.,Not Critical,31,Z,6/26/15,6/6/16,Cycle Inspection / Initial Inspection
40386927,5/12/15,Violations were cited in the following area(s).,06E,"Sanitized equipment or utensil, including in-use food dispensing utensil, improperly used or stored.",Critical,20,,,6/6/16,Cycle Inspection / Initial Inspection
50007366,4/30/15,Violations were cited in the following area(s).,04A,Food Protection Certificate not held by supervisor of food operations.,Critical,17,A,7/14/15,6/6/16,Cycle Inspection / Initial Inspection
50033270,3/16/15,Establishment Closed by DOHMH.  Violations were cited in the following area(s) and those requiring immediate action were addressed.,04L,Evidence of mice or live mice present in facility's food and/or non-food areas.,Critical,38,B,10/31/14,6/6/16,Pre-permit (Operational) / Initial Inspection
50034501,4/5/16,Violations were cited in the following area(s).,08A,Facility not vermin proof. Harborage or conditions conducive to attracting vermin to the premises and/or allowing vermin to exist.,Not Critical,14,B,4/5/16,6/6/16,Cycle Inspection / Re-inspection
50004469,1/16/15,Violations were cited in the following area(s).,06C,"Food not protected from potential source of contamination during storage, preparation, transportation, display or service.",Critical,7,A,1/16/15,6/6/16,Cycle Inspection / Re-inspection
40852659,6/27/13,Violations were cited in the following area(s).,02G,Cold food item held above 41_ F (smoked fish and reduced oxygen packaged foods above 38 ) except during necessary preparation.,Critical,17,,,6/6/16,Cycle Inspection / Initial Inspection
41556626,11/6/13,Violations were cited in the following area(s).,06F,Wiping cloths soiled or not stored in sanitizing solution.,Critical,23,B,11/6/13,6/6/16,Cycle Inspection / Re-inspection
50017351,11/24/14,Violations were cited in the following area(s).,10F,"Non-food contact surface improperly constructed. Unacceptable material used. Non-food contact surface or equipment improperly maintained and/or not properly sealed, raised, spaced or movable to allow accessibility for cleaning on all sides, above and underneath the unit.",Not Critical,33,A,2/26/14,6/6/16,Pre-permit (Non-operational) / Initial Inspection
41636913,7/7/15,Violations were cited in the following area(s).,02G,Cold food item held above 41_ F (smoked fish and reduced oxygen packaged foods above 38 ) except during necessary preparation.,Critical,12,A,7/7/15,6/6/16,Cycle Inspection / Initial Inspection
41710647,2/6/13,Violations were cited in the following area(s).,09C,Food contact surface not properly maintained.,Not Critical,39,A,2/25/14,6/6/16,Pre-permit (Operational) / Initial Inspection
41348754,10/30/14,Violations were cited in the following area(s).,02H,"Food not cooled by an approved method whereby the internal product temperature is reduced from 140_ F to 70_ F or less within 2 hours, and from 70_ F to 41_ F or less within 4 additional hours.",Critical,25,A,1/23/15,6/6/16,Cycle Inspection / Initial Inspection
41647941,12/19/13,Violations were cited in the following area(s).,10F,"Non-food contact surface improperly constructed. Unacceptable material used. Non-food contact surface or equipment improperly maintained and/or not properly sealed, raised, spaced or movable to allow accessibility for cleaning on all sides, above and underneath the unit.",Not Critical,13,A,12/19/13,6/6/16,Cycle Inspection / Initial Inspection
41373941,10/1/13,Violations were cited in the following area(s).,04A,Food Protection Certificate not held by supervisor of food operations.,Critical,16,,,6/6/16,Cycle Inspection / Initial Inspection
40391086,5/29/13,Violations were cited in the following area(s).,10B,Plumbing not properly installed or maintained; anti-siphonage or backflow prevention device not provided where required; equipment or floor not properly drained; sewage disposal system in disrepair or not functioning properly.,Not Critical,10,A,5/29/13,6/6/16,Cycle Inspection / Re-inspection
50009758,1/15/15,Violations were cited in the following area(s).,08C,Pesticide use not in accordance with label or applicable laws. Prohibited chemical used/stored. Open bait station used.,Not Critical,4,A,1/15/15,6/6/16,Cycle Inspection / Initial Inspection
41245794,12/19/13,Violations were cited in the following area(s).,04L,Evidence of mice or live mice present in facility's food and/or non-food areas.,Critical,9,A,12/19/13,6/6/16,Cycle Inspection / Re-inspection
41633778,11/17/14,Violations were cited in the following area(s).,08B,"Covered garbage receptacle not provided or inadequate, except that garbage receptacle may be uncovered during active use. Garbage storage area not properly constructed or maintained; grinder or compactor dirty.",Not Critical,18,A,4/30/15,6/6/16,Cycle Inspection / Initial Inspection
41634196,3/22/16,Violations were cited in the following area(s).,04L,Evidence of mice or live mice present in facility's food and/or non-food areas.,Critical,11,A,3/22/16,6/6/16,Cycle Inspection / Re-inspection
41350310,12/11/14,Violations were cited in the following area(s).,06D,"Food contact surface not properly washed, rinsed and sanitized after each use and following any activity when contamination may have occurred.",Critical,12,A,12/11/14,6/6/16,Cycle Inspection / Re-inspection
50016283,11/20/14,Violations were cited in the following area(s).,10A,"Toilet facility not maintained and provided with toilet paper, waste receptacle and self-closing door.",Not Critical,18,A,12/3/14,6/6/16,Pre-permit (Operational) / Initial Inspection
40645073,6/3/14,Violations were cited in the following area(s).,04N,"Filth flies or food/refuse/sewage-associated (FRSA) flies present in facilitys food and/or non-food areas. Filth flies include house flies, little house flies, blow flies, bottle flies and flesh flies. Food/refuse/sewage-associated flies include fruit flies, drain flies and Phorid flies.",Critical,20,B,6/3/14,6/6/16,Cycle Inspection / Re-inspection
41582872,11/13/15,Violations were cited in the following area(s).,06D,"Food contact surface not properly washed, rinsed and sanitized after each use and following any activity when contamination may have occurred.",Critical,10,A,11/13/15,6/6/16,Cycle Inspection / Initial Inspection
50001547,3/30/15,Violations were cited in the following area(s).,10F,"Non-food contact surface improperly constructed. Unacceptable material used. Non-food contact surface or equipment improperly maintained and/or not properly sealed, raised, spaced or movable to allow accessibility for cleaning on all sides, above and underneath the unit.",Not Critical,19,B,3/30/15,6/6/16,Cycle Inspection / Re-inspection
40972759,9/15/14,Violations were cited in the following area(s).,04M,Live roaches present in facility's food and/or non-food areas.,Critical,13,A,9/15/14,6/6/16,Cycle Inspection / Initial Inspection
41564165,3/23/16,Violations were cited in the following area(s).,06D,"Food contact surface not properly washed, rinsed and sanitized after each use and following any activity when contamination may have occurred.",Critical,10,A,3/23/16,6/6/16,Cycle Inspection / Initial Inspection
41474197,7/8/15,Violations were cited in the following area(s).,10F,"Non-food contact surface improperly constructed. Unacceptable material used. Non-food contact surface or equipment improperly maintained and/or not properly sealed, raised, spaced or movable to allow accessibility for cleaning on all sides, above and underneath the unit.",Not Critical,9,A,7/8/15,6/6/16,Cycle Inspection / Re-inspection
41175881,1/13/16,Violations were cited in the following area(s).,04N,"Filth flies or food/refuse/sewage-associated (FRSA) flies present in facilitys food and/or non-food areas. Filth flies include house flies, little house flies, blow flies, bottle flies and flesh flies. Food/refuse/sewage-associated flies include fruit flies, drain flies and Phorid flies.",Critical,33,,,6/6/16,Cycle Inspection / Initial Inspection
41700191,3/24/16,Violations were cited in the following area(s).,09B,Thawing procedures improper.,Not Critical,6,A,3/24/16,6/6/16,Cycle Inspection / Initial Inspection
41458695,7/26/14,Violations were cited in the following area(s).,10F,"Non-food contact surface improperly constructed. Unacceptable material used. Non-food contact surface or equipment improperly maintained and/or not properly sealed, raised, spaced or movable to allow accessibility for cleaning on all sides, above and underneath the unit.",Not Critical,3,A,7/26/14,6/6/16,Cycle Inspection / Initial Inspection
41708947,9/10/14,Violations were cited in the following area(s).,04A,Food Protection Certificate not held by supervisor of food operations.,Critical,20,,,6/6/16,Cycle Inspection / Initial Inspection
41246771,10/6/15,Violations were cited in the following area(s).,04M,Live roaches present in facility's food and/or non-food areas.,Critical,13,A,10/6/15,6/6/16,Cycle Inspection / Re-inspection
50001212,1/14/14,Violations were cited in the following area(s).,02B,Hot food item not held at or above 140_ F.,Critical,17,B,1/14/14,6/6/16,Cycle Inspection / Re-inspection
41406631,3/30/15,Establishment Closed by DOHMH.  Violations were cited in the following area(s) and those requiring immediate action were addressed.,04M,Live roaches present in facility's food and/or non-food areas.,Critical,13,A,5/30/14,6/6/16,Cycle Inspection / Initial Inspection
50034852,5/14/15,Violations were cited in the following area(s).,02B,Hot food item not held at or above 140_ F.,Critical,37,C,4/8/14,6/6/16,Pre-permit (Operational) / Initial Inspection
40746835,4/28/14,Violations were cited in the following area(s).,02H,"Food not cooled by an approved method whereby the internal product temperature is reduced from 140_ F to 70_ F or less within 2 hours, and from 70_ F to 41_ F or less within 4 additional hours.",Critical,34,Not Yet Graded,,6/6/16,Cycle Inspection / Initial Inspection
41462643,11/21/13,Violations were cited in the following area(s).,10F,"Non-food contact surface improperly constructed. Unacceptable material used. Non-food contact surface or equipment improperly maintained and/or not properly sealed, raised, spaced or movable to allow accessibility for cleaning on all sides, above and underneath the unit.",Not Critical,52,C,11/21/13,6/6/16,Cycle Inspection / Re-inspection
41013992,11/7/13,Violations were cited in the following area(s).,10F,"Non-food contact surface improperly constructed. Unacceptable material used. Non-food contact surface or equipment improperly maintained and/or not properly sealed, raised, spaced or movable to allow accessibility for cleaning on all sides, above and underneath the unit.",Not Critical,7,A,11/7/13,6/6/16,Cycle Inspection / Re-inspection
40658944,8/17/12,Violations were cited in the following area(s).,06C,"Food not protected from potential source of contamination during storage, preparation, transportation, display or service.",Critical,19,A,10/31/14,6/6/16,Cycle Inspection / Compliance Inspection
41316918,3/4/16,Violations were cited in the following area(s).,10F,"Non-food contact surface improperly constructed. Unacceptable material used. Non-food contact surface or equipment improperly maintained and/or not properly sealed, raised, spaced or movable to allow accessibility for cleaning on all sides, above and underneath the unit.",Not Critical,11,A,3/4/16,6/6/16,Cycle Inspection / Initial Inspection
40669697,1/14/14,Violations were cited in the following area(s).,04K,Evidence of rats or live rats present in facility's food and/or non-food areas.,Critical,7,A,1/14/14,6/6/16,Cycle Inspection / Re-inspection
41474931,4/23/14,Violations were cited in the following area(s).,04N,"Filth flies or food/refuse/sewage-associated (FRSA) flies present in facilitys food and/or non-food areas. Filth flies include house flies, little house flies, blow flies, bottle flies and flesh flies. Food/refuse/sewage-associated flies include fruit flies, drain flies and Phorid flies.",Critical,27,,,6/6/16,Cycle Inspection / Initial Inspection
41715842,10/27/15,Violations were cited in the following area(s).,08A,Facility not vermin proof. Harborage or conditions conducive to attracting vermin to the premises and/or allowing vermin to exist.,Not Critical,24,B,11/6/13,6/6/16,Cycle Inspection / Initial Inspection
41711510,3/9/13,Violations were cited in the following area(s).,06F,Wiping cloths soiled or not stored in sanitizing solution.,Critical,18,,,6/6/16,Pre-permit (Operational) / Initial Inspection
41672159,12/21/15,Violations were cited in the following area(s).,04H,"Raw, cooked or prepared food is adulterated, contaminated, cross-contaminated, or not discarded in accordance with HACCP plan.",Critical,28,B,12/17/12,6/6/16,Cycle Inspection / Initial Inspection
41590509,12/17/14,Violations were cited in the following area(s).,02G,Cold food item held above 41_ F (smoked fish and reduced oxygen packaged foods above 38 ) except during necessary preparation.,Critical,24,,,6/6/16,Cycle Inspection / Initial Inspection
50007380,4/17/14,Establishment re-closed by DOHMH,04L,Evidence of mice or live mice present in facility's food and/or non-food areas.,Critical,9,A,5/29/15,6/6/16,Pre-permit (Operational) / Reopening Inspection
41414670,7/8/13,Establishment Closed by DOHMH.  Violations were cited in the following area(s) and those requiring immediate action were addressed.,10F,"Non-food contact surface improperly constructed. Unacceptable material used. Non-food contact surface or equipment improperly maintained and/or not properly sealed, raised, spaced or movable to allow accessibility for cleaning on all sides, above and underneath the unit.",Not Critical,64,A,4/9/14,6/6/16,Cycle Inspection / Initial Inspection
40945328,6/10/13,Violations were cited in the following area(s).,10F,"Non-food contact surface improperly constructed. Unacceptable material used. Non-food contact surface or equipment improperly maintained and/or not properly sealed, raised, spaced or movable to allow accessibility for cleaning on all sides, above and underneath the unit.",Not Critical,2,A,6/10/13,6/6/16,Cycle Inspection / Re-inspection
41371865,2/3/15,Violations were cited in the following area(s).,06A,Personal cleanliness inadequate. Outer garment soiled with possible contaminant.  Effective hair restraint not worn in an area where food is prepared.,Critical,12,A,2/3/15,6/6/16,Cycle Inspection / Initial Inspection
41227203,1/28/14,Violations were cited in the following area(s).,06C,"Food not protected from potential source of contamination during storage, preparation, transportation, display or service.",Critical,22,A,4/8/14,6/6/16,Cycle Inspection / Initial Inspection
41523649,6/18/14,Violations were cited in the following area(s).,04H,"Raw, cooked or prepared food is adulterated, contaminated, cross-contaminated, or not discarded in accordance with HACCP plan.",Critical,43,A,8/4/15,6/6/16,Cycle Inspection / Initial Inspection
41351576,11/20/13,Violations were cited in the following area(s).,20F,Current letter grade card not posted.,Not Critical,12,A,2/12/15,6/6/16,Administrative Miscellaneous / Re-inspection
41627819,4/30/13,Violations were cited in the following area(s).,06E,"Sanitized equipment or utensil, including in-use food dispensing utensil, improperly used or stored.",Critical,18,B,4/30/13,6/6/16,Cycle Inspection / Re-inspection
41645430,10/2/13,Violations were cited in the following area(s).,06F,Wiping cloths soiled or not stored in sanitizing solution.,Critical,49,A,10/16/14,6/6/16,Cycle Inspection / Initial Inspection
50002079,11/18/14,Violations were cited in the following area(s).,02G,Cold food item held above 41_ F (smoked fish and reduced oxygen packaged foods above 38 ) except during necessary preparation.,Critical,12,A,11/18/14,6/6/16,Cycle Inspection / Re-inspection
41679060,11/25/14,Violations were cited in the following area(s).,04L,Evidence of mice or live mice present in facility's food and/or non-food areas.,Critical,21,,,6/6/16,Cycle Inspection / Initial Inspection
41523554,6/19/13,Establishment Closed by DOHMH.  Violations were cited in the following area(s) and those requiring immediate action were addressed.,02G,Cold food item held above 41_ F (smoked fish and reduced oxygen packaged foods above 38 ) except during necessary preparation.,Critical,30,A,10/18/13,6/6/16,Cycle Inspection / Initial Inspection
41630469,4/1/15,Violations were cited in the following area(s).,08A,Facility not vermin proof. Harborage or conditions conducive to attracting vermin to the premises and/or allowing vermin to exist.,Not Critical,27,B,4/1/15,6/6/16,Cycle Inspection / Re-inspection
41489786,7/3/13,Violations were cited in the following area(s).,04L,Evidence of mice or live mice present in facility's food and/or non-food areas.,Critical,24,B,5/9/14,6/6/16,Cycle Inspection / Initial Inspection
40933911,8/25/15,Violations were cited in the following area(s).,02G,Cold food item held above 41_ F (smoked fish and reduced oxygen packaged foods above 38 ) except during necessary preparation.,Critical,19,A,12/2/14,6/6/16,Cycle Inspection / Initial Inspection
41413748,2/5/16,Violations were cited in the following area(s).,08A,Facility not vermin proof. Harborage or conditions conducive to attracting vermin to the premises and/or allowing vermin to exist.,Not Critical,11,A,2/4/14,6/6/16,Cycle Inspection / Initial Inspection
50041575,1/11/16,Violations were cited in the following area(s).,06C,"Food not protected from potential source of contamination during storage, preparation, transportation, display or service.",Critical,30,A,5/16/15,6/6/16,Pre-permit (Operational) / Initial Inspection
41138910,12/1/15,Violations were cited in the following area(s).,10F,"Non-food contact surface improperly constructed. Unacceptable material used. Non-food contact surface or equipment improperly maintained and/or not properly sealed, raised, spaced or movable to allow accessibility for cleaning on all sides, above and underneath the unit.",Not Critical,15,A,1/17/14,6/6/16,Cycle Inspection / Initial Inspection
50047927,5/2/16,Violations were cited in the following area(s).,06C,"Food not protected from potential source of contamination during storage, preparation, transportation, display or service.",Critical,8,A,5/2/16,6/6/16,Pre-permit (Operational) / Initial Inspection
41286996,6/25/13,Violations were cited in the following area(s).,02G,Cold food item held above 41_ F (smoked fish and reduced oxygen packaged foods above 38 ) except during necessary preparation.,Critical,34,A,12/10/13,6/6/16,Cycle Inspection / Initial Inspection
40997858,5/8/13,Violations were cited in the following area(s).,02B,Hot food item not held at or above 140_ F.,Critical,7,A,5/8/13,6/6/16,Cycle Inspection / Re-inspection
41638409,3/26/15,Violations were cited in the following area(s).,10B,Plumbing not properly installed or maintained; anti-siphonage or backflow prevention device not provided where required; equipment or floor not properly drained; sewage disposal system in disrepair or not functioning properly.,Not Critical,8,A,3/26/15,6/6/16,Cycle Inspection / Re-inspection
41576098,9/19/13,Violations were cited in the following area(s).,06D,"Food contact surface not properly washed, rinsed and sanitized after each use and following any activity when contamination may have occurred.",Critical,22,,,6/6/16,Cycle Inspection / Initial Inspection
41597549,10/24/12,Violations were cited in the following area(s).,20F,Current letter grade card not posted.,Not Critical,36,,,6/6/16,Administrative Miscellaneous / Initial Inspection
41666685,8/15/14,Violations were cited in the following area(s).,10B,Plumbing not properly installed or maintained; anti-siphonage or backflow prevention device not provided where required; equipment or floor not properly drained; sewage disposal system in disrepair or not functioning properly.,Not Critical,48,,,6/6/16,Cycle Inspection / Initial Inspection
50000916,9/12/13,Violations were cited in the following area(s).,04J,"Appropriately scaled metal stem-type thermometer or thermocouple not provided or used to evaluate temperatures of potentially hazardous foods during cooking, cooling, reheating and holding.",Critical,31,A,6/21/13,6/6/16,Pre-permit (Operational) / Initial Inspection
41243693,5/2/16,Violations were cited in the following area(s).,15I,''''No Smoking and/or 'Smoking Permitted sign not conspicuously posted. Health warning not present on 'Smoking Permitted,Not Critical,0,C,1/21/14,6/6/16,Smoke-Free Air Act / Initial Inspection
41419773,7/17/15,Violations were cited in the following area(s).,02G,Cold food item held above 41_ F (smoked fish and reduced oxygen packaged foods above 38 ) except during necessary preparation.,Critical,11,A,8/15/15,6/6/16,Cycle Inspection / Initial Inspection
41443460,3/12/15,Violations were cited in the following area(s).,10F,"Non-food contact surface improperly constructed. Unacceptable material used. Non-food contact surface or equipment improperly maintained and/or not properly sealed, raised, spaced or movable to allow accessibility for cleaning on all sides, above and underneath the unit.",Not Critical,9,A,3/12/15,6/6/16,Cycle Inspection / Re-inspection
41376831,1/5/15,Violations were cited in the following area(s).,02G,Cold food item held above 41_ F (smoked fish and reduced oxygen packaged foods above 38 ) except during necessary preparation.,Critical,15,A,3/5/14,6/6/16,Cycle Inspection / Initial Inspection
41486945,5/14/14,Violations were cited in the following area(s).,16B,"The original nutritional fact labels and/or ingredient label for a cooking oil, shortening or margarine or food item sold in bulk, or acceptable manufacturers documentation not maintained on site.",Not Critical,15,,,6/6/16,Trans Fat / Initial Inspection
41070330,2/5/13,Violations were cited in the following area(s).,06A,Personal cleanliness inadequate. Outer garment soiled with possible contaminant.  Effective hair restraint not worn in an area where food is prepared.,Critical,23,A,3/22/16,6/6/16,Cycle Inspection / Initial Inspection
41080133,5/6/14,Violations were cited in the following area(s).,02B,Hot food item not held at or above 140_ F.,Critical,19,A,9/27/13,6/6/16,Cycle Inspection / Initial Inspection
41612074,4/1/13,Violations were cited in the following area(s).,10B,Plumbing not properly installed or maintained; anti-siphonage or backflow prevention device not provided where required; equipment or floor not properly drained; sewage disposal system in disrepair or not functioning properly.,Not Critical,7,A,4/1/13,6/6/16,Cycle Inspection / Initial Inspection
41547073,10/17/15,Violations were cited in the following area(s).,10F,"Non-food contact surface improperly constructed. Unacceptable material used. Non-food contact surface or equipment improperly maintained and/or not properly sealed, raised, spaced or movable to allow accessibility for cleaning on all sides, above and underneath the unit.",Not Critical,13,A,10/17/15,6/6/16,Cycle Inspection / Re-inspection
50015004,4/6/16,Violations were cited in the following area(s).,06D,"Food contact surface not properly washed, rinsed and sanitized after each use and following any activity when contamination may have occurred.",Critical,8,A,4/6/16,6/6/16,Cycle Inspection / Initial Inspection
41558375,2/5/15,Violations were cited in the following area(s).,02G,Cold food item held above 41_ F (smoked fish and reduced oxygen packaged foods above 38 ) except during necessary preparation.,Critical,22,A,11/2/15,6/6/16,Cycle Inspection / Initial Inspection
41412582,1/29/16,Violations were cited in the following area(s).,06D,"Food contact surface not properly washed, rinsed and sanitized after each use and following any activity when contamination may have occurred.",Critical,12,A,1/29/16,6/6/16,Cycle Inspection / Initial Inspection
40658358,5/31/14,Violations were cited in the following area(s).,10I,"Single service item reused, improperly stored, dispensed; not used when required.",Not Critical,9,A,5/31/14,6/6/16,Cycle Inspection / Initial Inspection
41702826,2/28/14,Violations were cited in the following area(s).,06D,"Food contact surface not properly washed, rinsed and sanitized after each use and following any activity when contamination may have occurred.",Critical,29,A,4/6/13,6/6/16,Cycle Inspection / Initial Inspection
40901214,2/19/14,Violations were cited in the following area(s).,10F,"Non-food contact surface improperly constructed. Unacceptable material used. Non-food contact surface or equipment improperly maintained and/or not properly sealed, raised, spaced or movable to allow accessibility for cleaning on all sides, above and underneath the unit.",Not Critical,30,A,3/8/16,6/6/16,Cycle Inspection / Initial Inspection
50004296,4/27/16,Violations were cited in the following area(s).,02G,Cold food item held above 41_ F (smoked fish and reduced oxygen packaged foods above 38 ) except during necessary preparation.,Critical,9,A,4/27/16,6/6/16,Cycle Inspection / Initial Inspection
50034025,4/21/16,Violations were cited in the following area(s).,02B,Hot food item not held at or above 140_ F.,Critical,11,A,4/21/16,6/6/16,Cycle Inspection / Initial Inspection
40510647,4/13/15,Violations were cited in the following area(s).,10F,"Non-food contact surface improperly constructed. Unacceptable material used. Non-food contact surface or equipment improperly maintained and/or not properly sealed, raised, spaced or movable to allow accessibility for cleaning on all sides, above and underneath the unit.",Not Critical,2,A,4/13/15,6/6/16,Cycle Inspection / Initial Inspection
41604256,7/28/15,Violations were cited in the following area(s).,08A,Facility not vermin proof. Harborage or conditions conducive to attracting vermin to the premises and/or allowing vermin to exist.,Not Critical,24,A,5/30/14,6/6/16,Cycle Inspection / Initial Inspection
41571805,8/27/14,Violations were cited in the following area(s).,06A,Personal cleanliness inadequate. Outer garment soiled with possible contaminant.  Effective hair restraint not worn in an area where food is prepared.,Critical,20,C,11/5/14,6/6/16,Cycle Inspection / Initial Inspection
41704910,3/19/13,Violations were cited in the following area(s).,10B,Plumbing not properly installed or maintained; anti-siphonage or backflow prevention device not provided where required; equipment or floor not properly drained; sewage disposal system in disrepair or not functioning properly.,Not Critical,21,,,6/6/16,Pre-permit (Operational) / Initial Inspection
41331752,7/28/14,Violations were cited in the following area(s).,02H,"Food not cooled by an approved method whereby the internal product temperature is reduced from 140_ F to 70_ F or less within 2 hours, and from 70_ F to 41_ F or less within 4 additional hours.",Critical,7,A,7/28/14,6/6/16,Cycle Inspection / Re-inspection
40860032,9/29/14,Violations were cited in the following area(s).,02B,Hot food item not held at or above 140_ F.,Critical,90,A,11/9/15,6/6/16,Cycle Inspection / Initial Inspection
40815605,7/23/13,Violations were cited in the following area(s).,10D,"Mechanical or natural ventilation system not provided, improperly installed, in disrepair and/or fails to prevent excessive build-up of grease, heat, steam condensation vapors, odors, smoke, and fumes.",Not Critical,23,,,6/6/16,Cycle Inspection / Initial Inspection
40376515,7/17/13,Violations were cited in the following area(s).,02B,Hot food item not held at or above 140_ F.,Critical,30,,,6/6/16,Cycle Inspection / Initial Inspection
50039946,9/16/15,Violations were cited in the following area(s).,02B,Hot food item not held at or above 140_ F.,Critical,34,,,6/6/16,Pre-permit (Operational) / Initial Inspection
41497403,7/10/15,Violations were cited in the following area(s).,09A,Canned food product observed dented and not segregated from other consumable food items.,Not Critical,9,A,7/10/15,6/6/16,Cycle Inspection / Re-inspection
40783989,5/1/14,Violations were cited in the following area(s).,02B,Hot food item not held at or above 140_ F.,Critical,22,A,8/16/13,6/6/16,Cycle Inspection / Initial Inspection
40645073,5/16/13,Violations were cited in the following area(s).,08A,Facility not vermin proof. Harborage or conditions conducive to attracting vermin to the premises and/or allowing vermin to exist.,Not Critical,29,A,3/24/16,6/6/16,Cycle Inspection / Initial Inspection
41347625,10/16/14,Violations were cited in the following area(s).,10B,Plumbing not properly installed or maintained; anti-siphonage or backflow prevention device not provided where required; equipment or floor not properly drained; sewage disposal system in disrepair or not functioning properly.,Not Critical,31,,,6/6/16,Cycle Inspection / Initial Inspection
40894025,1/7/14,Violations were cited in the following area(s).,02G,Cold food item held above 41_ F (smoked fish and reduced oxygen packaged foods above 38 ) except during necessary preparation.,Critical,7,A,1/7/14,6/6/16,Cycle Inspection / Initial Inspection
41505393,10/15/13,Violations were cited in the following area(s).,04H,"Raw, cooked or prepared food is adulterated, contaminated, cross-contaminated, or not discarded in accordance with HACCP plan.",Critical,43,A,4/29/16,6/6/16,Cycle Inspection / Initial Inspection
41158064,5/29/15,Violations were cited in the following area(s).,06C,"Food not protected from potential source of contamination during storage, preparation, transportation, display or service.",Critical,24,A,5/22/14,6/6/16,Cycle Inspection / Initial Inspection
41081943,8/18/15,Violations were cited in the following area(s).,04M,Live roaches present in facility's food and/or non-food areas.,Critical,23,B,8/18/15,6/6/16,Cycle Inspection / Re-inspection
41319405,4/29/15,Violations were cited in the following area(s).,04C,Food worker does not use proper utensil to eliminate bare hand contact with food that will not receive adequate additional heat treatment.,Critical,12,A,4/29/15,6/6/16,Cycle Inspection / Initial Inspection
50045172,3/4/16,Violations were cited in the following area(s).,02B,Hot food item not held at or above 140_ F.,Critical,33,A,8/11/14,6/6/16,Pre-permit (Operational) / Initial Inspection
41273111,1/8/13,Violations were cited in the following area(s).,04H,"Raw, cooked or prepared food is adulterated, contaminated, cross-contaminated, or not discarded in accordance with HACCP plan.",Critical,13,A,1/8/13,6/6/16,Cycle Inspection / Re-inspection
50015403,11/24/15,No violations were recorded at the time of this inspection.,10B,Plumbing not properly installed or maintained; anti-siphonage or backflow prevention device not provided where required; equipment or floor not properly drained; sewage disposal system in disrepair or not functioning properly.,Not Applicable,11,A,6/17/13,6/6/16,Administrative Miscellaneous / Re-inspection
50018626,2/19/15,Violations were cited in the following area(s).,10F,"Non-food contact surface improperly constructed. Unacceptable material used. Non-food contact surface or equipment improperly maintained and/or not properly sealed, raised, spaced or movable to allow accessibility for cleaning on all sides, above and underneath the unit.",Not Critical,10,A,2/19/15,6/6/16,Pre-permit (Operational) / Initial Inspection
40391121,6/8/15,Violations were cited in the following area(s).,04L,Evidence of mice or live mice present in facility's food and/or non-food areas.,Critical,19,A,1/8/14,6/6/16,Cycle Inspection / Initial Inspection
50000252,5/12/15,Violations were cited in the following area(s).,09B,Thawing procedures improper.,Not Critical,7,A,5/12/15,6/6/16,Cycle Inspection / Initial Inspection
41444302,6/5/13,Violations were cited in the following area(s).,10F,"Non-food contact surface improperly constructed. Unacceptable material used. Non-food contact surface or equipment improperly maintained and/or not properly sealed, raised, spaced or movable to allow accessibility for cleaning on all sides, above and underneath the unit.",Not Critical,3,A,6/5/13,6/6/16,Cycle Inspection / Initial Inspection
41696447,12/11/14,Violations were cited in the following area(s).,04N,"Filth flies or food/refuse/sewage-associated (FRSA) flies present in facilitys food and/or non-food areas. Filth flies include house flies, little house flies, blow flies, bottle flies and flesh flies. Food/refuse/sewage-associated flies include fruit flies, drain flies and Phorid flies.",Critical,10,A,12/11/14,6/6/16,Cycle Inspection / Re-inspection
41703720,12/19/12,Violations were cited in the following area(s).,08A,Facility not vermin proof. Harborage or conditions conducive to attracting vermin to the premises and/or allowing vermin to exist.,Not Critical,10,A,12/19/12,6/6/16,Pre-permit (Operational) / Initial Inspection
50002382,1/28/14,Violations were cited in the following area(s).,02B,Hot food item not held at or above 140_ F.,Critical,22,,,6/6/16,Pre-permit (Operational) / Initial Inspection
41595712,1/4/16,Violations were cited in the following area(s).,04N,"Filth flies or food/refuse/sewage-associated (FRSA) flies present in facilitys food and/or non-food areas. Filth flies include house flies, little house flies, blow flies, bottle flies and flesh flies. Food/refuse/sewage-associated flies include fruit flies, drain flies and Phorid flies.",Critical,13,A,1/4/16,6/6/16,Cycle Inspection / Re-inspection
41246322,10/9/14,Violations were cited in the following area(s).,10B,Plumbing not properly installed or maintained; anti-siphonage or backflow prevention device not provided where required; equipment or floor not properly drained; sewage disposal system in disrepair or not functioning properly.,Not Critical,9,A,10/9/14,6/6/16,Cycle Inspection / Re-inspection
50003720,11/20/13,Violations were cited in the following area(s).,06D,"Food contact surface not properly washed, rinsed and sanitized after each use and following any activity when contamination may have occurred.",Critical,14,,,6/6/16,Pre-permit (Operational) / Initial Inspection
40844457,4/10/13,Violations were cited in the following area(s).,02B,Hot food item not held at or above 140_ F.,Critical,42,C,4/10/13,6/6/16,Cycle Inspection / Re-inspection
40544427,10/7/13,Violations were cited in the following area(s).,02B,Hot food item not held at or above 140_ F.,Critical,19,A,10/19/15,6/6/16,Cycle Inspection / Initial Inspection
40718547,3/4/16,Violations were cited in the following area(s).,08A,Facility not vermin proof. Harborage or conditions conducive to attracting vermin to the premises and/or allowing vermin to exist.,Not Critical,10,A,3/4/16,6/6/16,Cycle Inspection / Re-inspection
41702568,3/21/13,Violations were cited in the following area(s).,02B,Hot food item not held at or above 140_ F.,Critical,19,A,1/7/16,6/6/16,Cycle Inspection / Initial Inspection
50015136,10/6/14,Violations were cited in the following area(s).,06D,"Food contact surface not properly washed, rinsed and sanitized after each use and following any activity when contamination may have occurred.",Critical,37,A,3/23/16,6/6/16,Pre-permit (Operational) / Initial Inspection
41271359,10/7/13,Violations were cited in the following area(s).,04L,Evidence of mice or live mice present in facility's food and/or non-food areas.,Critical,22,Not Yet Graded,,6/6/16,Cycle Inspection / Initial Inspection
41311922,9/1/15,Violations were cited in the following area(s).,04K,Evidence of rats or live rats present in facility's food and/or non-food areas.,Critical,9,B,2/4/14,6/6/16,Cycle Inspection / Initial Inspection
41444879,6/30/14,Violations were cited in the following area(s).,10F,"Non-food contact surface improperly constructed. Unacceptable material used. Non-food contact surface or equipment improperly maintained and/or not properly sealed, raised, spaced or movable to allow accessibility for cleaning on all sides, above and underneath the unit.",Not Critical,11,A,6/30/14,6/6/16,Cycle Inspection / Re-inspection
41253085,2/20/15,Violations were cited in the following area(s).,10F,"Non-food contact surface improperly constructed. Unacceptable material used. Non-food contact surface or equipment improperly maintained and/or not properly sealed, raised, spaced or movable to allow accessibility for cleaning on all sides, above and underneath the unit.",Not Critical,11,A,2/20/15,6/6/16,Cycle Inspection / Initial Inspection
41371272,10/20/14,Violations were cited in the following area(s).,22A,"Nuisance created or allowed to exist. Facility not free from unsafe, hazardous, offensive or annoying conditions.",Not Critical,9,A,1/8/14,6/6/16,Administrative Miscellaneous / Initial Inspection
41639740,12/4/12,Violations were cited in the following area(s).,20F,Current letter grade card not posted.,Not Critical,23,,,6/6/16,Administrative Miscellaneous / Initial Inspection
41704465,1/16/13,Violations were cited in the following area(s).,09C,Food contact surface not properly maintained.,Not Critical,23,B,1/16/13,6/6/16,Pre-permit (Operational) / Re-inspection
41705628,6/9/15,Violations were cited in the following area(s).,04L,Evidence of mice or live mice present in facility's food and/or non-food areas.,Critical,25,A,12/9/13,6/6/16,Cycle Inspection / Initial Inspection
40390409,1/11/13,Violations were cited in the following area(s).,10F,"Non-food contact surface improperly constructed. Unacceptable material used. Non-food contact surface or equipment improperly maintained and/or not properly sealed, raised, spaced or movable to allow accessibility for cleaning on all sides, above and underneath the unit.",Not Critical,10,A,7/31/13,6/6/16,Cycle Inspection / Initial Inspection
41570575,9/16/14,Violations were cited in the following area(s).,08A,Facility not vermin proof. Harborage or conditions conducive to attracting vermin to the premises and/or allowing vermin to exist.,Not Critical,22,,,6/6/16,Cycle Inspection / Initial Inspection
41553234,1/14/15,Violations were cited in the following area(s).,15L,"Smoke free workplace smoking policy inadequate, not posted, not provided to employees.",Not Critical,15,,,6/6/16,Smoke-Free Air Act / Initial Inspection
41294692,10/31/14,Violations were cited in the following area(s).,02G,Cold food item held above 41_ F (smoked fish and reduced oxygen packaged foods above 38 ) except during necessary preparation.,Critical,26,C,12/22/14,6/6/16,Cycle Inspection / Initial Inspection
50002542,1/6/16,Violations were cited in the following area(s).,04A,Food Protection Certificate not held by supervisor of food operations.,Critical,10,A,1/6/16,6/6/16,Cycle Inspection / Initial Inspection
50017935,7/18/15,Violations were cited in the following area(s).,10A,"Toilet facility not maintained and provided with toilet paper, waste receptacle and self-closing door.",Not Critical,20,A,3/7/16,6/6/16,Cycle Inspection / Initial Inspection
40372422,7/29/13,Violations were cited in the following area(s).,06E,"Sanitized equipment or utensil, including in-use food dispensing utensil, improperly used or stored.",Critical,25,A,3/12/15,6/6/16,Cycle Inspection / Initial Inspection
41469854,11/17/14,Violations were cited in the following area(s).,10F,"Non-food contact surface improperly constructed. Unacceptable material used. Non-food contact surface or equipment improperly maintained and/or not properly sealed, raised, spaced or movable to allow accessibility for cleaning on all sides, above and underneath the unit.",Not Critical,13,A,11/17/14,6/6/16,Cycle Inspection / Re-inspection
41660608,9/8/14,Violations were cited in the following area(s).,02B,Hot food item not held at or above 140_ F.,Critical,88,A,5/8/13,6/6/16,Cycle Inspection / Initial Inspection
41646202,4/25/13,Violations were cited in the following area(s).,04J,"Appropriately scaled metal stem-type thermometer or thermocouple not provided or used to evaluate temperatures of potentially hazardous foods during cooking, cooling, reheating and holding.",Critical,20,A,4/1/14,6/6/16,Cycle Inspection / Initial Inspection
41655200,6/4/15,Violations were cited in the following area(s).,02G,Cold food item held above 41_ F (smoked fish and reduced oxygen packaged foods above 38 ) except during necessary preparation.,Critical,13,A,6/4/15,6/6/16,Cycle Inspection / Re-inspection
40886786,10/7/14,Violations were cited in the following area(s).,10B,Plumbing not properly installed or maintained; anti-siphonage or backflow prevention device not provided where required; equipment or floor not properly drained; sewage disposal system in disrepair or not functioning properly.,Not Critical,4,A,10/7/14,6/6/16,Cycle Inspection / Initial Inspection
41144262,4/20/15,Violations were cited in the following area(s).,10F,"Non-food contact surface improperly constructed. Unacceptable material used. Non-food contact surface or equipment improperly maintained and/or not properly sealed, raised, spaced or movable to allow accessibility for cleaning on all sides, above and underneath the unit.",Not Critical,10,A,4/20/15,6/6/16,Cycle Inspection / Initial Inspection
41627325,9/18/13,Violations were cited in the following area(s).,10D,"Mechanical or natural ventilation system not provided, improperly installed, in disrepair and/or fails to prevent excessive build-up of grease, heat, steam condensation vapors, odors, smoke, and fumes.",Not Critical,19,A,6/9/14,6/6/16,Cycle Inspection / Initial Inspection
41703928,3/16/16,Violations were cited in the following area(s).,04J,"Appropriately scaled metal stem-type thermometer or thermocouple not provided or used to evaluate temperatures of potentially hazardous foods during cooking, cooling, reheating and holding.",Critical,13,A,3/16/16,6/6/16,Cycle Inspection / Initial Inspection
50002695,12/14/15,Violations were cited in the following area(s).,06D,"Food contact surface not properly washed, rinsed and sanitized after each use and following any activity when contamination may have occurred.",Critical,19,A,7/10/14,6/6/16,Cycle Inspection / Initial Inspection
41699158,10/1/14,Violations were cited in the following area(s).,08A,Facility not vermin proof. Harborage or conditions conducive to attracting vermin to the premises and/or allowing vermin to exist.,Not Critical,11,A,12/21/15,6/6/16,Cycle Inspection / Initial Inspection
50001495,5/18/16,Violations were cited in the following area(s).,10F,"Non-food contact surface improperly constructed. Unacceptable material used. Non-food contact surface or equipment improperly maintained and/or not properly sealed, raised, spaced or movable to allow accessibility for cleaning on all sides, above and underneath the unit.",Not Critical,10,A,5/18/16,6/6/16,Cycle Inspection / Initial Inspection
50001867,11/20/13,Violations were cited in the following area(s).,04N,"Filth flies or food/refuse/sewage-associated (FRSA) flies present in facilitys food and/or non-food areas. Filth flies include house flies, little house flies, blow flies, bottle flies and flesh flies. Food/refuse/sewage-associated flies include fruit flies, drain flies and Phorid flies.",Critical,20,A,1/28/16,6/6/16,Pre-permit (Operational) / Initial Inspection
50037295,9/21/15,Violations were cited in the following area(s).,16B,"The original nutritional fact labels and/or ingredient label for a cooking oil, shortening or margarine or food item sold in bulk, or acceptable manufacturers documentation not maintained on site.",Not Critical,8,A,12/26/14,6/6/16,Trans Fat / Initial Inspection
41493867,4/11/15,Violations were cited in the following area(s).,08A,Facility not vermin proof. Harborage or conditions conducive to attracting vermin to the premises and/or allowing vermin to exist.,Not Critical,13,A,4/11/15,6/6/16,Cycle Inspection / Initial Inspection
41698701,11/21/13,Violations were cited in the following area(s).,04K,Evidence of rats or live rats present in facility's food and/or non-food areas.,Critical,14,B,1/7/15,6/6/16,Cycle Inspection / Initial Inspection
50001168,9/10/13,Violations were cited in the following area(s).,10D,"Mechanical or natural ventilation system not provided, improperly installed, in disrepair and/or fails to prevent excessive build-up of grease, heat, steam condensation vapors, odors, smoke, and fumes.",Not Critical,7,A,9/10/13,6/6/16,Pre-permit (Operational) / Re-inspection
40534067,6/15/15,Violations were cited in the following area(s).,08A,Facility not vermin proof. Harborage or conditions conducive to attracting vermin to the premises and/or allowing vermin to exist.,Not Critical,20,A,2/22/14,6/6/16,Cycle Inspection / Compliance Inspection
50007076,4/30/14,Violations were cited in the following area(s).,06B,"Tobacco use, eating, or drinking from open container in food preparation, food storage or dishwashing area observed.",Critical,34,C,4/30/14,6/6/16,Pre-permit (Operational) / Re-inspection
41693205,5/18/16,Violations were cited in the following area(s).,08A,Facility not vermin proof. Harborage or conditions conducive to attracting vermin to the premises and/or allowing vermin to exist.,Not Critical,34,A,10/1/14,6/6/16,Cycle Inspection / Initial Inspection
41044065,1/31/13,Violations were cited in the following area(s).,04M,Live roaches present in facility's food and/or non-food areas.,Critical,11,A,1/31/13,6/6/16,Cycle Inspection / Initial Inspection
50037659,1/22/16,Violations were cited in the following area(s).,06C,"Food not protected from potential source of contamination during storage, preparation, transportation, display or service.",Critical,38,,,6/6/16,Pre-permit (Operational) / Initial Inspection
41604805,7/14/15,Violations were cited in the following area(s).,04N,"Filth flies or food/refuse/sewage-associated (FRSA) flies present in facilitys food and/or non-food areas. Filth flies include house flies, little house flies, blow flies, bottle flies and flesh flies. Food/refuse/sewage-associated flies include fruit flies, drain flies and Phorid flies.",Critical,21,,,6/6/16,Cycle Inspection / Initial Inspection
41314327,3/19/14,Violations were cited in the following area(s).,04K,Evidence of rats or live rats present in facility's food and/or non-food areas.,Critical,21,B,3/19/14,6/6/16,Cycle Inspection / Re-inspection
41124419,2/5/14,Violations were cited in the following area(s).,02B,Hot food item not held at or above 140_ F.,Critical,32,A,12/10/15,6/6/16,Cycle Inspection / Initial Inspection
40541670,9/9/13,Violations were cited in the following area(s).,06C,"Food not protected from potential source of contamination during storage, preparation, transportation, display or service.",Critical,22,A,10/8/15,6/6/16,Cycle Inspection / Initial Inspection
41710377,6/5/13,Establishment Closed by DOHMH.  Violations were cited in the following area(s) and those requiring immediate action were addressed.,04L,Evidence of mice or live mice present in facility's food and/or non-food areas.,Critical,55,A,4/4/16,6/6/16,Cycle Inspection / Re-inspection
41092609,4/2/13,Violations were cited in the following area(s).,09C,Food contact surface not properly maintained.,Not Critical,17,A,3/27/15,6/6/16,Cycle Inspection / Initial Inspection
50039223,1/4/16,Violations were cited in the following area(s).,04L,Evidence of mice or live mice present in facility's food and/or non-food areas.,Critical,13,A,1/4/16,6/6/16,Pre-permit (Operational) / Re-inspection
50004863,5/26/16,Violations were cited in the following area(s).,10F,"Non-food contact surface improperly constructed. Unacceptable material used. Non-food contact surface or equipment improperly maintained and/or not properly sealed, raised, spaced or movable to allow accessibility for cleaning on all sides, above and underneath the unit.",Not Critical,8,A,5/26/16,6/6/16,Cycle Inspection / Initial Inspection
41239693,7/17/13,Violations were cited in the following area(s).,06D,"Food contact surface not properly washed, rinsed and sanitized after each use and following any activity when contamination may have occurred.",Critical,26,A,11/24/14,6/6/16,Cycle Inspection / Initial Inspection
41247333,7/16/15,Violations were cited in the following area(s).,04L,Evidence of mice or live mice present in facility's food and/or non-food areas.,Critical,13,B,7/29/15,6/6/16,Cycle Inspection / Initial Inspection
40972759,3/15/15,Violations were cited in the following area(s).,10B,Plumbing not properly installed or maintained; anti-siphonage or backflow prevention device not provided where required; equipment or floor not properly drained; sewage disposal system in disrepair or not functioning properly.,Not Critical,24,,,6/6/16,Inter-Agency Task Force / Initial Inspection
40736253,5/2/14,No violations were recorded at the time of this inspection.,06D,"Food contact surface not properly washed, rinsed and sanitized after each use and following any activity when contamination may have occurred.",Not Applicable,18,B,6/18/15,6/6/16,Smoke-Free Air Act / Compliance Inspection
41368920,3/20/16,Violations were cited in the following area(s).,10F,"Non-food contact surface improperly constructed. Unacceptable material used. Non-food contact surface or equipment improperly maintained and/or not properly sealed, raised, spaced or movable to allow accessibility for cleaning on all sides, above and underneath the unit.",Not Critical,18,A,2/22/16,6/6/16,Inter-Agency Task Force / Initial Inspection
41338538,6/19/14,Violations were cited in the following area(s).,10F,"Non-food contact surface improperly constructed. Unacceptable material used. Non-food contact surface or equipment improperly maintained and/or not properly sealed, raised, spaced or movable to allow accessibility for cleaning on all sides, above and underneath the unit.",Not Critical,9,A,6/19/14,6/6/16,Cycle Inspection / Initial Inspection
41257059,8/26/15,Violations were cited in the following area(s).,10B,Plumbing not properly installed or maintained; anti-siphonage or backflow prevention device not provided where required; equipment or floor not properly drained; sewage disposal system in disrepair or not functioning properly.,Not Critical,21,B,8/26/15,6/6/16,Cycle Inspection / Re-inspection
41226135,1/4/16,Violations were cited in the following area(s).,04L,Evidence of mice or live mice present in facility's food and/or non-food areas.,Critical,8,A,5/29/13,6/6/16,Cycle Inspection / Initial Inspection
41264518,1/6/14,Violations were cited in the following area(s).,22A,"Nuisance created or allowed to exist. Facility not free from unsafe, hazardous, offensive or annoying conditions.",Not Critical,27,,,6/6/16,Administrative Miscellaneous / Initial Inspection
41589951,9/11/13,Violations were cited in the following area(s).,04N,"Filth flies or food/refuse/sewage-associated (FRSA) flies present in facilitys food and/or non-food areas. Filth flies include house flies, little house flies, blow flies, bottle flies and flesh flies. Food/refuse/sewage-associated flies include fruit flies, drain flies and Phorid flies.",Critical,14,A,3/25/15,6/6/16,Cycle Inspection / Initial Inspection
41696216,6/17/14,Establishment Closed by DOHMH.  Violations were cited in the following area(s) and those requiring immediate action were addressed.,10F,"Non-food contact surface improperly constructed. Unacceptable material used. Non-food contact surface or equipment improperly maintained and/or not properly sealed, raised, spaced or movable to allow accessibility for cleaning on all sides, above and underneath the unit.",Not Critical,42,Not Yet Graded,,6/6/16,Cycle Inspection / Re-inspection
40513662,8/19/15,Violations were cited in the following area(s).,04L,Evidence of mice or live mice present in facility's food and/or non-food areas.,Critical,27,B,8/19/15,6/6/16,Cycle Inspection / Re-inspection
50045458,5/17/16,Violations were cited in the following area(s).,04H,"Raw, cooked or prepared food is adulterated, contaminated, cross-contaminated, or not discarded in accordance with HACCP plan.",Critical,21,Not Yet Graded,1/21/16,6/6/16,Pre-permit (Operational) / Initial Inspection
41572691,1/26/15,Violations were cited in the following area(s).,22C,"Bulb not shielded or shatterproof, in areas where there is extreme heat, temperature changes, or where accidental contact may occur.",Not Critical,5,,,6/6/16,Administrative Miscellaneous / Initial Inspection
41704189,9/2/14,Establishment Closed by DOHMH.  Violations were cited in the following area(s) and those requiring immediate action were addressed.,04N,"Filth flies or food/refuse/sewage-associated (FRSA) flies present in facilitys food and/or non-food areas. Filth flies include house flies, little house flies, blow flies, bottle flies and flesh flies. Food/refuse/sewage-associated flies include fruit flies, drain flies and Phorid flies.",Critical,90,A,1/22/13,6/6/16,Cycle Inspection / Initial Inspection
41695036,6/13/15,Violations were cited in the following area(s).,06A,Personal cleanliness inadequate. Outer garment soiled with possible contaminant.  Effective hair restraint not worn in an area where food is prepared.,Critical,72,A,12/15/15,6/6/16,Cycle Inspection / Initial Inspection
40381344,10/2/13,Violations were cited in the following area(s).,10H,Proper sanitization not provided for utensil ware washing operation.,Not Critical,7,,,6/6/16,Cycle Inspection / Initial Inspection
40810032,5/31/13,Violations were cited in the following area(s).,09A,Canned food product observed dented and not segregated from other consumable food items.,Not Critical,12,A,5/31/13,6/6/16,Cycle Inspection / Re-inspection
50015721,1/21/16,Violations were cited in the following area(s).,09C,Food contact surface not properly maintained.,Not Critical,2,A,1/21/16,6/6/16,Cycle Inspection / Initial Inspection
41374276,7/20/15,Violations were cited in the following area(s).,02G,Cold food item held above 41_ F (smoked fish and reduced oxygen packaged foods above 38 ) except during necessary preparation.,Critical,27,,,6/6/16,Cycle Inspection / Initial Inspection
40527001,7/24/13,Violations were cited in the following area(s).,10B,Plumbing not properly installed or maintained; anti-siphonage or backflow prevention device not provided where required; equipment or floor not properly drained; sewage disposal system in disrepair or not functioning properly.,Not Critical,2,A,7/24/13,6/6/16,Cycle Inspection / Re-inspection
50018539,2/9/16,Violations were cited in the following area(s).,02B,Hot food item not held at or above 140_ F.,Critical,24,A,6/26/14,6/6/16,Cycle Inspection / Initial Inspection
40718574,11/26/13,Violations were cited in the following area(s).,06C,"Food not protected from potential source of contamination during storage, preparation, transportation, display or service.",Critical,16,,,6/6/16,Cycle Inspection / Initial Inspection
41602974,3/15/14,Violations were cited in the following area(s).,10F,"Non-food contact surface improperly constructed. Unacceptable material used. Non-food contact surface or equipment improperly maintained and/or not properly sealed, raised, spaced or movable to allow accessibility for cleaning on all sides, above and underneath the unit.",Not Critical,14,C,9/10/13,6/6/16,Cycle Inspection / Initial Inspection
40700181,5/28/13,Violations were cited in the following area(s).,08A,Facility not vermin proof. Harborage or conditions conducive to attracting vermin to the premises and/or allowing vermin to exist.,Not Critical,29,A,6/10/15,6/6/16,Cycle Inspection / Initial Inspection
41486500,7/24/13,Establishment re-opened by DOHMH,10A,"Toilet facility not maintained and provided with toilet paper, waste receptacle and self-closing door.",Not Critical,4,P,7/24/13,6/6/16,Cycle Inspection / Reopening Inspection
41610749,2/3/16,Violations were cited in the following area(s).,06C,"Food not protected from potential source of contamination during storage, preparation, transportation, display or service.",Critical,5,A,2/3/16,6/6/16,Cycle Inspection / Initial Inspection
41543465,11/20/14,Violations were cited in the following area(s).,06D,"Food contact surface not properly washed, rinsed and sanitized after each use and following any activity when contamination may have occurred.",Critical,9,A,11/20/14,6/6/16,Cycle Inspection / Initial Inspection
50001427,11/15/14,Violations were cited in the following area(s).,06E,"Sanitized equipment or utensil, including in-use food dispensing utensil, improperly used or stored.",Critical,15,B,11/15/14,6/6/16,Cycle Inspection / Re-inspection
40868248,5/19/15,Violations were cited in the following area(s).,10F,"Non-food contact surface improperly constructed. Unacceptable material used. Non-food contact surface or equipment improperly maintained and/or not properly sealed, raised, spaced or movable to allow accessibility for cleaning on all sides, above and underneath the unit.",Not Critical,8,A,5/19/15,6/6/16,Cycle Inspection / Re-inspection
50002641,10/14/14,Violations were cited in the following area(s).,06C,"Food not protected from potential source of contamination during storage, preparation, transportation, display or service.",Critical,25,B,10/14/14,6/6/16,Cycle Inspection / Re-inspection
41092640,6/18/13,Violations were cited in the following area(s).,02G,Cold food item held above 41_ F (smoked fish and reduced oxygen packaged foods above 38 ) except during necessary preparation.,Critical,19,A,12/24/13,6/6/16,Cycle Inspection / Initial Inspection
41676211,4/6/13,Violations were cited in the following area(s).,02C,Hot food item that has been cooked and refrigerated is being held for service without first being reheated to 1 65_ F or above within 2 hours.,Critical,23,P,3/31/14,6/6/16,Cycle Inspection / Initial Inspection
50041073,5/15/16,Violations were cited in the following area(s).,15L,"Smoke free workplace smoking policy inadequate, not posted, not provided to employees.",Not Critical,9,A,2/18/14,6/6/16,Smoke-Free Air Act / Initial Inspection
41664501,10/12/13,Violations were cited in the following area(s).,04H,"Raw, cooked or prepared food is adulterated, contaminated, cross-contaminated, or not discarded in accordance with HACCP plan.",Critical,24,,,6/6/16,Cycle Inspection / Initial Inspection
41050702,5/6/14,Violations were cited in the following area(s).,10F,"Non-food contact surface improperly constructed. Unacceptable material used. Non-food contact surface or equipment improperly maintained and/or not properly sealed, raised, spaced or movable to allow accessibility for cleaning on all sides, above and underneath the unit.",Not Critical,52,A,7/8/15,6/6/16,Cycle Inspection / Initial Inspection
40871752,9/30/13,Violations were cited in the following area(s).,16B,"The original nutritional fact labels and/or ingredient label for a cooking oil, shortening or margarine or food item sold in bulk, or acceptable manufacturers documentation not maintained on site.",Not Critical,21,,,6/6/16,Trans Fat / Re-inspection
41713624,5/5/14,Violations were cited in the following area(s).,04M,Live roaches present in facility's food and/or non-food areas.,Critical,13,A,5/5/14,6/6/16,Cycle Inspection / Re-inspection
41237756,10/16/13,Violations were cited in the following area(s).,08A,Facility not vermin proof. Harborage or conditions conducive to attracting vermin to the premises and/or allowing vermin to exist.,Not Critical,10,A,8/8/13,6/6/16,Cycle Inspection / Initial Inspection
50044276,12/23/15,Violations were cited in the following area(s).,04M,Live roaches present in facility's food and/or non-food areas.,Critical,23,A,2/23/15,6/6/16,Pre-permit (Operational) / Initial Inspection
41619084,6/23/14,Violations were cited in the following area(s).,08A,Facility not vermin proof. Harborage or conditions conducive to attracting vermin to the premises and/or allowing vermin to exist.,Not Critical,13,A,6/23/14,6/6/16,Cycle Inspection / Re-inspection
41645153,12/19/13,Violations were cited in the following area(s).,04L,Evidence of mice or live mice present in facility's food and/or non-food areas.,Critical,28,A,8/27/15,6/6/16,Cycle Inspection / Initial Inspection
41653491,5/19/15,Violations were cited in the following area(s).,06E,"Sanitized equipment or utensil, including in-use food dispensing utensil, improperly used or stored.",Critical,5,A,5/19/15,6/6/16,Cycle Inspection / Initial Inspection
41316251,12/26/14,Violations were cited in the following area(s).,04A,Food Protection Certificate not held by supervisor of food operations.,Critical,22,A,8/19/15,6/6/16,Cycle Inspection / Re-inspection
41683337,5/8/15,Establishment Closed by DOHMH.  Violations were cited in the following area(s) and those requiring immediate action were addressed.,08A,Facility not vermin proof. Harborage or conditions conducive to attracting vermin to the premises and/or allowing vermin to exist.,Not Critical,45,,,6/6/16,Cycle Inspection / Initial Inspection
41611858,6/2/16,Violations were cited in the following area(s).,08A,Facility not vermin proof. Harborage or conditions conducive to attracting vermin to the premises and/or allowing vermin to exist.,Not Critical,12,A,6/2/16,6/6/16,Cycle Inspection / Initial Inspection
41545758,10/4/13,Violations were cited in the following area(s).,04J,"Appropriately scaled metal stem-type thermometer or thermocouple not provided or used to evaluate temperatures of potentially hazardous foods during cooking, cooling, reheating and holding.",Critical,10,B,12/2/15,6/6/16,Cycle Inspection / Initial Inspection
41450360,12/17/14,Violations were cited in the following area(s).,04N,"Filth flies or food/refuse/sewage-associated (FRSA) flies present in facilitys food and/or non-food areas. Filth flies include house flies, little house flies, blow flies, bottle flies and flesh flies. Food/refuse/sewage-associated flies include fruit flies, drain flies and Phorid flies.",Critical,12,A,5/11/15,6/6/16,Cycle Inspection / Initial Inspection
41623648,5/29/14,Violations were cited in the following area(s).,06E,"Sanitized equipment or utensil, including in-use food dispensing utensil, improperly used or stored.",Critical,26,A,4/22/15,6/6/16,Cycle Inspection / Initial Inspection
50001324,5/4/15,Violations were cited in the following area(s).,10I,"Single service item reused, improperly stored, dispensed; not used when required.",Not Critical,7,A,5/4/15,6/6/16,Cycle Inspection / Initial Inspection
40512172,2/11/15,Establishment Closed by DOHMH.  Violations were cited in the following area(s) and those requiring immediate action were addressed.,04M,Live roaches present in facility's food and/or non-food areas.,Critical,41,A,5/19/14,6/6/16,Cycle Inspection / Initial Inspection
40379897,8/29/14,Violations were cited in the following area(s).,10F,"Non-food contact surface improperly constructed. Unacceptable material used. Non-food contact surface or equipment improperly maintained and/or not properly sealed, raised, spaced or movable to allow accessibility for cleaning on all sides, above and underneath the unit.",Not Critical,9,A,8/29/14,6/6/16,Cycle Inspection / Re-inspection
41029356,3/31/15,Violations were cited in the following area(s).,04C,Food worker does not use proper utensil to eliminate bare hand contact with food that will not receive adequate additional heat treatment.,Critical,22,A,1/26/16,6/6/16,Cycle Inspection / Initial Inspection
41038749,11/19/15,Violations were cited in the following area(s).,02B,Hot food item not held at or above 140_ F.,Critical,19,,,6/6/16,Cycle Inspection / Initial Inspection
41631487,1/15/16,Violations were cited in the following area(s).,02G,Cold food item held above 41_ F (smoked fish and reduced oxygen packaged foods above 38 ) except during necessary preparation.,Critical,21,A,6/27/15,6/6/16,Cycle Inspection / Initial Inspection
41495061,11/14/14,Violations were cited in the following area(s).,22A,"Nuisance created or allowed to exist. Facility not free from unsafe, hazardous, offensive or annoying conditions.",Not Critical,7,A,9/16/15,6/6/16,Administrative Miscellaneous / Re-inspection
50046211,5/4/16,Violations were cited in the following area(s).,10F,"Non-food contact surface improperly constructed. Unacceptable material used. Non-food contact surface or equipment improperly maintained and/or not properly sealed, raised, spaced or movable to allow accessibility for cleaning on all sides, above and underneath the unit.",Not Critical,13,A,5/4/16,6/6/16,Cycle Inspection / Initial Inspection
40425021,10/7/13,Violations were cited in the following area(s).,10H,Proper sanitization not provided for utensil ware washing operation.,Not Critical,11,A,10/7/13,6/6/16,Cycle Inspection / Initial Inspection
41006719,6/29/15,Violations were cited in the following area(s).,06D,"Food contact surface not properly washed, rinsed and sanitized after each use and following any activity when contamination may have occurred.",Critical,25,A,5/26/15,6/6/16,Cycle Inspection / Initial Inspection
40861868,9/2/15,Violations were cited in the following area(s).,04J,"Appropriately scaled metal stem-type thermometer or thermocouple not provided or used to evaluate temperatures of potentially hazardous foods during cooking, cooling, reheating and holding.",Critical,28,,,6/6/16,Cycle Inspection / Initial Inspection
50007410,5/20/16,Violations were cited in the following area(s).,06F,Wiping cloths soiled or not stored in sanitizing solution.,Critical,26,A,5/22/14,6/6/16,Cycle Inspection / Initial Inspection
41031832,8/7/13,Violations were cited in the following area(s).,10B,Plumbing not properly installed or maintained; anti-siphonage or backflow prevention device not provided where required; equipment or floor not properly drained; sewage disposal system in disrepair or not functioning properly.,Not Critical,9,A,8/7/13,6/6/16,Cycle Inspection / Re-inspection
41662825,10/28/14,Violations were cited in the following area(s).,08A,Facility not vermin proof. Harborage or conditions conducive to attracting vermin to the premises and/or allowing vermin to exist.,Not Critical,12,A,10/28/14,6/6/16,Cycle Inspection / Re-inspection
40653926,10/26/13,Violations were cited in the following area(s).,09B,Thawing procedures improper.,Not Critical,21,A,2/11/15,6/6/16,Cycle Inspection / Initial Inspection
41693724,7/11/13,Violations were cited in the following area(s).,02G,Cold food item held above 41_ F (smoked fish and reduced oxygen packaged foods above 38 ) except during necessary preparation.,Critical,24,B,7/11/13,6/6/16,Cycle Inspection / Re-inspection
40762853,4/16/15,Violations were cited in the following area(s).,04M,Live roaches present in facility's food and/or non-food areas.,Critical,10,B,2/13/13,6/6/16,Cycle Inspection / Initial Inspection
50045762,3/17/16,Violations were cited in the following area(s).,06C,"Food not protected from potential source of contamination during storage, preparation, transportation, display or service.",Critical,11,A,3/17/16,6/6/16,Pre-permit (Operational) / Re-inspection
41617534,12/24/13,Violations were cited in the following area(s).,10E,Accurate thermometer not provided in refrigerated or hot holding equipment.,Not Critical,7,A,12/24/13,6/6/16,Cycle Inspection / Initial Inspection
50000715,9/15/15,Violations were cited in the following area(s).,08A,Facility not vermin proof. Harborage or conditions conducive to attracting vermin to the premises and/or allowing vermin to exist.,Not Critical,12,A,9/15/15,6/6/16,Cycle Inspection / Re-inspection
41463394,8/25/14,Violations were cited in the following area(s).,04N,"Filth flies or food/refuse/sewage-associated (FRSA) flies present in facilitys food and/or non-food areas. Filth flies include house flies, little house flies, blow flies, bottle flies and flesh flies. Food/refuse/sewage-associated flies include fruit flies, drain flies and Phorid flies.",Critical,40,,,6/6/16,Cycle Inspection / Initial Inspection
40386616,7/8/15,Violations were cited in the following area(s).,08A,Facility not vermin proof. Harborage or conditions conducive to attracting vermin to the premises and/or allowing vermin to exist.,Not Critical,15,,,6/6/16,Cycle Inspection / Initial Inspection
50019131,12/10/15,Violations were cited in the following area(s).,15L,"Smoke free workplace smoking policy inadequate, not posted, not provided to employees.",Not Critical,31,A,9/16/15,6/6/16,Smoke-Free Air Act / Initial Inspection
41237861,5/17/13,Violations were cited in the following area(s).,10B,Plumbing not properly installed or maintained; anti-siphonage or backflow prevention device not provided where required; equipment or floor not properly drained; sewage disposal system in disrepair or not functioning properly.,Not Critical,16,,,6/6/16,Cycle Inspection / Initial Inspection
41419933,6/11/14,Violations were cited in the following area(s).,04L,Evidence of mice or live mice present in facility's food and/or non-food areas.,Critical,29,A,3/16/16,6/6/16,Cycle Inspection / Initial Inspection
41693250,4/25/14,Violations were cited in the following area(s).,10F,"Non-food contact surface improperly constructed. Unacceptable material used. Non-food contact surface or equipment improperly maintained and/or not properly sealed, raised, spaced or movable to allow accessibility for cleaning on all sides, above and underneath the unit.",Not Critical,20,,,6/6/16,Cycle Inspection / Initial Inspection
41165588,7/28/14,Violations were cited in the following area(s).,08C,Pesticide use not in accordance with label or applicable laws. Prohibited chemical used/stored. Open bait station used.,Not Critical,7,A,7/28/14,6/6/16,Cycle Inspection / Initial Inspection
50002690,3/20/14,No violations were recorded at the time of this inspection.,08A,Facility not vermin proof. Harborage or conditions conducive to attracting vermin to the premises and/or allowing vermin to exist.,Not Applicable,9,A,3/19/14,6/6/16,Trans Fat / Compliance Inspection
50008221,4/26/16,Violations were cited in the following area(s).,10F,"Non-food contact surface improperly constructed. Unacceptable material used. Non-food contact surface or equipment improperly maintained and/or not properly sealed, raised, spaced or movable to allow accessibility for cleaning on all sides, above and underneath the unit.",Not Critical,12,A,4/26/16,6/6/16,Cycle Inspection / Re-inspection
50000474,3/26/15,Violations were cited in the following area(s).,10F,"Non-food contact surface improperly constructed. Unacceptable material used. Non-food contact surface or equipment improperly maintained and/or not properly sealed, raised, spaced or movable to allow accessibility for cleaning on all sides, above and underneath the unit.",Not Critical,8,A,3/26/15,6/6/16,Cycle Inspection / Initial Inspection
41643764,4/29/16,Violations were cited in the following area(s).,06B,"Tobacco use, eating, or drinking from open container in food preparation, food storage or dishwashing area observed.",Critical,32,A,12/10/13,6/6/16,Cycle Inspection / Initial Inspection
41104212,5/1/15,Violations were cited in the following area(s).,10F,"Non-food contact surface improperly constructed. Unacceptable material used. Non-food contact surface or equipment improperly maintained and/or not properly sealed, raised, spaced or movable to allow accessibility for cleaning on all sides, above and underneath the unit.",Not Critical,3,A,5/1/15,6/6/16,Cycle Inspection / Initial Inspection
41597814,3/29/14,Violations were cited in the following area(s).,08A,Facility not vermin proof. Harborage or conditions conducive to attracting vermin to the premises and/or allowing vermin to exist.,Not Critical,36,A,4/3/15,6/6/16,Cycle Inspection / Initial Inspection
41025191,7/10/13,Violations were cited in the following area(s).,04L,Evidence of mice or live mice present in facility's food and/or non-food areas.,Critical,35,,,6/6/16,Cycle Inspection / Initial Inspection
41474984,5/15/13,Violations were cited in the following area(s).,04L,Evidence of mice or live mice present in facility's food and/or non-food areas.,Critical,14,B,5/15/13,6/6/16,Cycle Inspection / Re-inspection
41446690,3/3/16,Violations were cited in the following area(s).,06D,"Food contact surface not properly washed, rinsed and sanitized after each use and following any activity when contamination may have occurred.",Critical,12,A,3/3/16,6/6/16,Cycle Inspection / Initial Inspection
40690297,2/14/14,Violations were cited in the following area(s).,10F,"Non-food contact surface improperly constructed. Unacceptable material used. Non-food contact surface or equipment improperly maintained and/or not properly sealed, raised, spaced or movable to allow accessibility for cleaning on all sides, above and underneath the unit.",Not Critical,22,,,6/6/16,Cycle Inspection / Initial Inspection
40541030,7/2/13,Violations were cited in the following area(s).,06E,"Sanitized equipment or utensil, including in-use food dispensing utensil, improperly used or stored.",Critical,17,A,2/13/14,6/6/16,Cycle Inspection / Initial Inspection
41211336,9/24/15,Violations were cited in the following area(s).,10B,Plumbing not properly installed or maintained; anti-siphonage or backflow prevention device not provided where required; equipment or floor not properly drained; sewage disposal system in disrepair or not functioning properly.,Not Critical,11,A,9/24/15,6/6/16,Cycle Inspection / Initial Inspection
50039150,2/17/16,Violations were cited in the following area(s).,08A,Facility not vermin proof. Harborage or conditions conducive to attracting vermin to the premises and/or allowing vermin to exist.,Not Critical,19,B,2/17/16,6/6/16,Cycle Inspection / Re-inspection
41456248,4/18/14,Violations were cited in the following area(s).,08A,Facility not vermin proof. Harborage or conditions conducive to attracting vermin to the premises and/or allowing vermin to exist.,Not Critical,20,A,5/7/14,6/6/16,Cycle Inspection / Initial Inspection
50001118,3/2/16,Violations were cited in the following area(s).,06D,"Food contact surface not properly washed, rinsed and sanitized after each use and following any activity when contamination may have occurred.",Critical,17,A,5/19/14,6/6/16,Cycle Inspection / Initial Inspection
50016818,8/5/15,Violations were cited in the following area(s).,22C,"Bulb not shielded or shatterproof, in areas where there is extreme heat, temperature changes, or where accidental contact may occur.",Not Critical,17,,,6/6/16,Administrative Miscellaneous / Re-inspection
50007379,6/26/15,Violations were cited in the following area(s).,10F,"Non-food contact surface improperly constructed. Unacceptable material used. Non-food contact surface or equipment improperly maintained and/or not properly sealed, raised, spaced or movable to allow accessibility for cleaning on all sides, above and underneath the unit.",Not Critical,11,A,6/26/15,6/6/16,Cycle Inspection / Initial Inspection
40389701,4/21/16,Violations were cited in the following area(s).,06F,Wiping cloths soiled or not stored in sanitizing solution.,Critical,40,A,5/11/16,6/6/16,Cycle Inspection / Initial Inspection
40884354,8/28/13,Violations were cited in the following area(s).,04J,"Appropriately scaled metal stem-type thermometer or thermocouple not provided or used to evaluate temperatures of potentially hazardous foods during cooking, cooling, reheating and holding.",Critical,34,,,6/6/16,Cycle Inspection / Initial Inspection
41559370,10/4/14,Violations were cited in the following area(s).,08A,Facility not vermin proof. Harborage or conditions conducive to attracting vermin to the premises and/or allowing vermin to exist.,Not Critical,13,A,10/4/14,6/6/16,Cycle Inspection / Re-inspection
41050224,4/7/16,Violations were cited in the following area(s).,08A,Facility not vermin proof. Harborage or conditions conducive to attracting vermin to the premises and/or allowing vermin to exist.,Not Critical,16,,,6/6/16,Cycle Inspection / Initial Inspection
50000203,7/7/14,Violations were cited in the following area(s).,04M,Live roaches present in facility's food and/or non-food areas.,Critical,16,B,7/7/14,6/6/16,Cycle Inspection / Re-inspection
50045700,3/22/16,Violations were cited in the following area(s).,10B,Plumbing not properly installed or maintained; anti-siphonage or backflow prevention device not provided where required; equipment or floor not properly drained; sewage disposal system in disrepair or not functioning properly.,Not Critical,21,Not Yet Graded,9/24/15,6/6/16,Pre-permit (Non-operational) / Initial Inspection
41646872,11/12/15,Violations were cited in the following area(s).,06E,"Sanitized equipment or utensil, including in-use food dispensing utensil, improperly used or stored.",Critical,10,A,11/12/15,6/6/16,Cycle Inspection / Initial Inspection
41600331,6/10/15,Violations were cited in the following area(s).,04A,Food Protection Certificate not held by supervisor of food operations.,Critical,28,A,6/28/13,6/6/16,Cycle Inspection / Initial Inspection
40783591,2/29/16,Violations were cited in the following area(s).,15I,''''No Smoking and/or 'Smoking Permitted sign not conspicuously posted. Health warning not present on 'Smoking Permitted,Not Critical,54,A,4/24/13,6/6/16,Smoke-Free Air Act / Initial Inspection
41586306,4/20/16,No violations were recorded at the time of this inspection.,10F,"Non-food contact surface improperly constructed. Unacceptable material used. Non-food contact surface or equipment improperly maintained and/or not properly sealed, raised, spaced or movable to allow accessibility for cleaning on all sides, above and underneath the unit.",Not Applicable,13,A,2/5/14,6/6/16,Administrative Miscellaneous / Re-inspection
41326189,2/12/14,Violations were cited in the following area(s).,08A,Facility not vermin proof. Harborage or conditions conducive to attracting vermin to the premises and/or allowing vermin to exist.,Not Critical,12,A,2/12/14,6/6/16,Cycle Inspection / Re-inspection
41601534,11/13/15,Violations were cited in the following area(s).,06D,"Food contact surface not properly washed, rinsed and sanitized after each use and following any activity when contamination may have occurred.",Critical,16,A,8/7/14,6/6/16,Cycle Inspection / Initial Inspection
41029257,8/13/13,Violations were cited in the following area(s).,10B,Plumbing not properly installed or maintained; anti-siphonage or backflow prevention device not provided where required; equipment or floor not properly drained; sewage disposal system in disrepair or not functioning properly.,Not Critical,20,B,8/13/13,6/6/16,Cycle Inspection / Re-inspection
50003448,7/10/14,Violations were cited in the following area(s).,02G,Cold food item held above 41_ F (smoked fish and reduced oxygen packaged foods above 38 ) except during necessary preparation.,Critical,10,A,7/10/14,6/6/16,Cycle Inspection / Initial Inspection
50002266,6/5/15,Violations were cited in the following area(s).,10F,"Non-food contact surface improperly constructed. Unacceptable material used. Non-food contact surface or equipment improperly maintained and/or not properly sealed, raised, spaced or movable to allow accessibility for cleaning on all sides, above and underneath the unit.",Not Critical,17,B,6/5/15,6/6/16,Cycle Inspection / Re-inspection
40363151,9/3/14,Violations were cited in the following area(s).,04N,"Filth flies or food/refuse/sewage-associated (FRSA) flies present in facilitys food and/or non-food areas. Filth flies include house flies, little house flies, blow flies, bottle flies and flesh flies. Food/refuse/sewage-associated flies include fruit flies, drain flies and Phorid flies.",Critical,42,,,6/6/16,Cycle Inspection / Initial Inspection
40738247,6/24/14,Violations were cited in the following area(s).,20F,Current letter grade card not posted.,Not Critical,25,,,6/6/16,Administrative Miscellaneous / Re-inspection
41440505,3/19/15,Violations were cited in the following area(s).,09A,Canned food product observed dented and not segregated from other consumable food items.,Not Critical,7,A,3/19/15,6/6/16,Cycle Inspection / Initial Inspection
50012564,9/22/14,Violations were cited in the following area(s).,09B,Thawing procedures improper.,Not Critical,23,A,12/23/13,6/6/16,Pre-permit (Operational) / Initial Inspection
50032585,10/17/15,Violations were cited in the following area(s).,10G,Food service operation occurring in room used as living or sleeping quarters.,Not Critical,4,B,4/24/13,6/6/16,Cycle Inspection / Initial Inspection
41083927,12/1/14,Violations were cited in the following area(s).,06D,"Food contact surface not properly washed, rinsed and sanitized after each use and following any activity when contamination may have occurred.",Critical,19,B,4/26/13,6/6/16,Cycle Inspection / Initial Inspection
50002675,6/3/15,Violations were cited in the following area(s).,04M,Live roaches present in facility's food and/or non-food areas.,Critical,20,B,6/3/15,6/6/16,Cycle Inspection / Re-inspection
41542520,4/30/14,Establishment re-closed by DOHMH,08A,Facility not vermin proof. Harborage or conditions conducive to attracting vermin to the premises and/or allowing vermin to exist.,Not Critical,11,A,4/16/14,6/6/16,Cycle Inspection / Reopening Inspection
41206524,10/26/15,Violations were cited in the following area(s).,09C,Food contact surface not properly maintained.,Not Critical,29,A,7/29/14,6/6/16,Cycle Inspection / Initial Inspection
40401104,11/16/13,Violations were cited in the following area(s).,04H,"Raw, cooked or prepared food is adulterated, contaminated, cross-contaminated, or not discarded in accordance with HACCP plan.",Critical,24,B,6/30/14,6/6/16,Inter-Agency Task Force / Initial Inspection
41157994,8/20/13,Violations were cited in the following area(s).,06C,"Food not protected from potential source of contamination during storage, preparation, transportation, display or service.",Critical,16,B,8/20/13,6/6/16,Cycle Inspection / Re-inspection
50002500,6/27/14,Establishment Closed by DOHMH.  Violations were cited in the following area(s) and those requiring immediate action were addressed.,04J,"Appropriately scaled metal stem-type thermometer or thermocouple not provided or used to evaluate temperatures of potentially hazardous foods during cooking, cooling, reheating and holding.",Critical,81,A,8/12/15,6/6/16,Cycle Inspection / Re-inspection
41693440,4/8/15,Violations were cited in the following area(s).,06A,Personal cleanliness inadequate. Outer garment soiled with possible contaminant.  Effective hair restraint not worn in an area where food is prepared.,Critical,12,A,4/8/15,6/6/16,Cycle Inspection / Initial Inspection
41602657,5/16/15,Violations were cited in the following area(s).,02B,Hot food item not held at or above 140_ F.,Critical,24,B,5/16/15,6/6/16,Cycle Inspection / Re-inspection
41438494,6/19/13,Violations were cited in the following area(s).,10F,"Non-food contact surface improperly constructed. Unacceptable material used. Non-food contact surface or equipment improperly maintained and/or not properly sealed, raised, spaced or movable to allow accessibility for cleaning on all sides, above and underneath the unit.",Not Critical,20,A,12/23/14,6/6/16,Cycle Inspection / Initial Inspection
41028460,4/1/15,Violations were cited in the following area(s).,02B,Hot food item not held at or above 140_ F.,Critical,12,A,4/1/15,6/6/16,Cycle Inspection / Initial Inspection
41184142,7/3/14,Violations were cited in the following area(s).,08A,Facility not vermin proof. Harborage or conditions conducive to attracting vermin to the premises and/or allowing vermin to exist.,Not Critical,12,A,7/3/14,6/6/16,Cycle Inspection / Re-inspection
40959046,5/11/16,Violations were cited in the following area(s).,20F,Current letter grade card not posted.,Not Critical,20,B,5/1/14,6/6/16,Administrative Miscellaneous / Re-inspection
50000475,11/26/13,Violations were cited in the following area(s).,06E,"Sanitized equipment or utensil, including in-use food dispensing utensil, improperly used or stored.",Critical,32,A,2/6/15,6/6/16,Cycle Inspection / Initial Inspection
50018376,11/27/15,Violations were cited in the following area(s).,22C,"Bulb not shielded or shatterproof, in areas where there is extreme heat, temperature changes, or where accidental contact may occur.",Not Critical,12,A,8/11/15,6/6/16,Administrative Miscellaneous / Initial Inspection
50013722,10/8/14,Violations were cited in the following area(s).,04N,"Filth flies or food/refuse/sewage-associated (FRSA) flies present in facilitys food and/or non-food areas. Filth flies include house flies, little house flies, blow flies, bottle flies and flesh flies. Food/refuse/sewage-associated flies include fruit flies, drain flies and Phorid flies.",Critical,13,A,10/8/14,6/6/16,Pre-permit (Operational) / Re-inspection
41705370,4/6/15,Violations were cited in the following area(s).,16B,"The original nutritional fact labels and/or ingredient label for a cooking oil, shortening or margarine or food item sold in bulk, or acceptable manufacturers documentation not maintained on site.",Not Critical,37,,,6/6/16,Trans Fat / Initial Inspection
40992677,7/17/15,Violations were cited in the following area(s).,08A,Facility not vermin proof. Harborage or conditions conducive to attracting vermin to the premises and/or allowing vermin to exist.,Not Critical,23,B,7/17/15,6/6/16,Cycle Inspection / Re-inspection
40918176,5/2/13,No violations were recorded at the time of this inspection.,02H,"Food not cooled by an approved method whereby the internal product temperature is reduced from 140_ F to 70_ F or less within 2 hours, and from 70_ F to 41_ F or less within 4 additional hours.",Not Applicable,42,C,8/28/13,6/6/16,Trans Fat / Compliance Inspection
50010340,5/28/14,Violations were cited in the following area(s).,04K,Evidence of rats or live rats present in facility's food and/or non-food areas.,Critical,11,A,6/10/13,6/6/16,Pre-permit (Non-operational) / Initial Inspection
50002020,4/10/14,Violations were cited in the following area(s).,09C,Food contact surface not properly maintained.,Not Critical,2,A,4/10/14,6/6/16,Cycle Inspection / Re-inspection
41291190,5/8/14,Violations were cited in the following area(s).,06D,"Food contact surface not properly washed, rinsed and sanitized after each use and following any activity when contamination may have occurred.",Critical,27,A,9/4/13,6/6/16,Cycle Inspection / Initial Inspection
50010060,7/9/15,Violations were cited in the following area(s).,08A,Facility not vermin proof. Harborage or conditions conducive to attracting vermin to the premises and/or allowing vermin to exist.,Not Critical,20,A,6/6/14,6/6/16,Cycle Inspection / Initial Inspection
40666989,11/10/15,Violations were cited in the following area(s).,10F,"Non-food contact surface improperly constructed. Unacceptable material used. Non-food contact surface or equipment improperly maintained and/or not properly sealed, raised, spaced or movable to allow accessibility for cleaning on all sides, above and underneath the unit.",Not Critical,9,A,11/10/15,6/6/16,Cycle Inspection / Initial Inspection
50040921,12/22/15,Violations were cited in the following area(s).,06C,"Food not protected from potential source of contamination during storage, preparation, transportation, display or service.",Critical,41,C,12/22/15,6/6/16,Cycle Inspection / Re-inspection
50019121,6/1/15,Violations were cited in the following area(s).,08A,Facility not vermin proof. Harborage or conditions conducive to attracting vermin to the premises and/or allowing vermin to exist.,Not Critical,28,C,6/1/15,6/6/16,Pre-permit (Operational) / Re-inspection
41542304,4/3/13,No violations were recorded at the time of this inspection.,02B,Hot food item not held at or above 140_ F.,Not Applicable,17,B,6/24/14,6/6/16,Administrative Miscellaneous / Re-inspection
40368338,2/28/14,Violations were cited in the following area(s).,10F,"Non-food contact surface improperly constructed. Unacceptable material used. Non-food contact surface or equipment improperly maintained and/or not properly sealed, raised, spaced or movable to allow accessibility for cleaning on all sides, above and underneath the unit.",Not Critical,11,A,2/28/14,6/6/16,Cycle Inspection / Initial Inspection
41620607,7/16/15,Violations were cited in the following area(s).,06D,"Food contact surface not properly washed, rinsed and sanitized after each use and following any activity when contamination may have occurred.",Critical,29,A,6/5/14,6/6/16,Cycle Inspection / Initial Inspection
41267359,3/18/13,Violations were cited in the following area(s).,06F,Wiping cloths soiled or not stored in sanitizing solution.,Critical,32,Z,6/23/15,6/6/16,Cycle Inspection / Initial Inspection
41557136,6/5/13,Violations were cited in the following area(s).,08A,Facility not vermin proof. Harborage or conditions conducive to attracting vermin to the premises and/or allowing vermin to exist.,Not Critical,12,A,6/5/13,6/6/16,Cycle Inspection / Re-inspection
50033484,5/14/16,Violations were cited in the following area(s).,06D,"Food contact surface not properly washed, rinsed and sanitized after each use and following any activity when contamination may have occurred.",Critical,25,A,6/26/14,6/6/16,Cycle Inspection / Initial Inspection
41247331,3/2/16,Violations were cited in the following area(s).,09B,Thawing procedures improper.,Not Critical,12,A,3/2/16,6/6/16,Cycle Inspection / Initial Inspection
50008613,9/5/14,Violations were cited in the following area(s).,04A,Food Protection Certificate not held by supervisor of food operations.,Critical,12,A,9/5/14,6/6/16,Pre-permit (Operational) / Re-inspection
41649766,2/26/14,Violations were cited in the following area(s).,20F,Current letter grade card not posted.,Not Critical,36,A,9/11/15,6/6/16,Administrative Miscellaneous / Re-inspection
41191334,12/30/15,Violations were cited in the following area(s).,06D,"Food contact surface not properly washed, rinsed and sanitized after each use and following any activity when contamination may have occurred.",Critical,21,B,12/10/14,6/6/16,Cycle Inspection / Initial Inspection
41100434,10/31/15,Violations were cited in the following area(s).,02H,"Food not cooled by an approved method whereby the internal product temperature is reduced from 140_ F to 70_ F or less within 2 hours, and from 70_ F to 41_ F or less within 4 additional hours.",Critical,12,A,10/31/15,6/6/16,Cycle Inspection / Re-inspection
40669257,11/18/15,Violations were cited in the following area(s).,04J,"Appropriately scaled metal stem-type thermometer or thermocouple not provided or used to evaluate temperatures of potentially hazardous foods during cooking, cooling, reheating and holding.",Critical,28,A,4/29/13,6/6/16,Cycle Inspection / Initial Inspection
40762618,9/20/13,Violations were cited in the following area(s).,06A,Personal cleanliness inadequate. Outer garment soiled with possible contaminant.  Effective hair restraint not worn in an area where food is prepared.,Critical,19,B,7/3/14,6/6/16,Cycle Inspection / Initial Inspection
41052309,7/17/13,Violations were cited in the following area(s).,02G,Cold food item held above 41_ F (smoked fish and reduced oxygen packaged foods above 38 ) except during necessary preparation.,Critical,27,B,7/17/13,6/6/16,Cycle Inspection / Re-inspection
50005283,1/15/15,Establishment re-closed by DOHMH,08A,Facility not vermin proof. Harborage or conditions conducive to attracting vermin to the premises and/or allowing vermin to exist.,Not Critical,14,A,3/3/14,6/6/16,Cycle Inspection / Reopening Inspection
41331535,6/12/13,Violations were cited in the following area(s).,10B,Plumbing not properly installed or maintained; anti-siphonage or backflow prevention device not provided where required; equipment or floor not properly drained; sewage disposal system in disrepair or not functioning properly.,Not Critical,4,A,6/12/13,6/6/16,Cycle Inspection / Re-inspection
40869272,8/22/13,Violations were cited in the following area(s).,06A,Personal cleanliness inadequate. Outer garment soiled with possible contaminant.  Effective hair restraint not worn in an area where food is prepared.,Critical,13,A,8/22/13,6/6/16,Cycle Inspection / Re-inspection
41391463,5/26/16,Violations were cited in the following area(s).,04N,"Filth flies or food/refuse/sewage-associated (FRSA) flies present in facilitys food and/or non-food areas. Filth flies include house flies, little house flies, blow flies, bottle flies and flesh flies. Food/refuse/sewage-associated flies include fruit flies, drain flies and Phorid flies.",Critical,43,,,6/6/16,Cycle Inspection / Initial Inspection
41611659,4/30/13,Violations were cited in the following area(s).,06E,"Sanitized equipment or utensil, including in-use food dispensing utensil, improperly used or stored.",Critical,12,A,4/30/13,6/6/16,Cycle Inspection / Re-inspection
50015746,9/16/15,Violations were cited in the following area(s).,02H,"Food not cooled by an approved method whereby the internal product temperature is reduced from 140_ F to 70_ F or less within 2 hours, and from 70_ F to 41_ F or less within 4 additional hours.",Critical,27,B,9/16/15,6/6/16,Cycle Inspection / Re-inspection
41568374,8/4/15,Violations were cited in the following area(s).,09A,Canned food product observed dented and not segregated from other consumable food items.,Not Critical,8,A,1/14/15,6/6/16,Cycle Inspection / Initial Inspection
41562680,2/6/15,Violations were cited in the following area(s).,06E,"Sanitized equipment or utensil, including in-use food dispensing utensil, improperly used or stored.",Critical,12,A,6/17/14,6/6/16,Cycle Inspection / Initial Inspection
41434693,9/1/15,No violations were recorded at the time of this inspection.,06E,"Sanitized equipment or utensil, including in-use food dispensing utensil, improperly used or stored.",Not Applicable,47,,,6/6/16,Administrative Miscellaneous / Re-inspection
40719557,9/11/13,Violations were cited in the following area(s).,08C,Pesticide use not in accordance with label or applicable laws. Prohibited chemical used/stored. Open bait station used.,Not Critical,29,A,5/3/13,6/6/16,Cycle Inspection / Initial Inspection
40695821,10/2/14,No violations were recorded at the time of this inspection.,06D,"Food contact surface not properly washed, rinsed and sanitized after each use and following any activity when contamination may have occurred.",Not Applicable,8,A,4/4/16,6/6/16,Administrative Miscellaneous / Initial Inspection
41653556,10/21/15,Violations were cited in the following area(s).,10B,Plumbing not properly installed or maintained; anti-siphonage or backflow prevention device not provided where required; equipment or floor not properly drained; sewage disposal system in disrepair or not functioning properly.,Not Critical,7,A,10/21/15,6/6/16,Cycle Inspection / Initial Inspection
40389681,5/6/15,Violations were cited in the following area(s).,06D,"Food contact surface not properly washed, rinsed and sanitized after each use and following any activity when contamination may have occurred.",Critical,17,,,6/6/16,Cycle Inspection / Initial Inspection
50017438,1/13/15,No violations were recorded at the time of this inspection.,10D,"Mechanical or natural ventilation system not provided, improperly installed, in disrepair and/or fails to prevent excessive build-up of grease, heat, steam condensation vapors, odors, smoke, and fumes.",Not Applicable,0,A,6/18/15,6/6/16,Pre-permit (Non-operational) / Initial Inspection
41633093,8/14/14,Violations were cited in the following area(s).,04L,Evidence of mice or live mice present in facility's food and/or non-food areas.,Critical,33,,,6/6/16,Cycle Inspection / Initial Inspection
41658460,12/4/14,Violations were cited in the following area(s).,04H,"Raw, cooked or prepared food is adulterated, contaminated, cross-contaminated, or not discarded in accordance with HACCP plan.",Critical,17,A,10/26/15,6/6/16,Cycle Inspection / Initial Inspection
50005347,1/15/16,Violations were cited in the following area(s).,08A,Facility not vermin proof. Harborage or conditions conducive to attracting vermin to the premises and/or allowing vermin to exist.,Not Critical,32,,,6/6/16,Cycle Inspection / Initial Inspection
50009411,4/6/15,Violations were cited in the following area(s).,02B,Hot food item not held at or above 140_ F.,Critical,29,C,4/6/15,6/6/16,Cycle Inspection / Re-inspection
41659669,6/12/14,Violations were cited in the following area(s).,10B,Plumbing not properly installed or maintained; anti-siphonage or backflow prevention device not provided where required; equipment or floor not properly drained; sewage disposal system in disrepair or not functioning properly.,Not Critical,9,A,6/12/14,6/6/16,Cycle Inspection / Initial Inspection
50000413,11/5/15,Violations were cited in the following area(s).,06D,"Food contact surface not properly washed, rinsed and sanitized after each use and following any activity when contamination may have occurred.",Critical,33,C,4/17/13,6/6/16,Cycle Inspection / Initial Inspection
40917970,1/22/15,Violations were cited in the following area(s).,04M,Live roaches present in facility's food and/or non-food areas.,Critical,16,Not Yet Graded,,6/6/16,Cycle Inspection / Initial Inspection
41085466,12/1/14,Violations were cited in the following area(s).,02G,Cold food item held above 41_ F (smoked fish and reduced oxygen packaged foods above 38 ) except during necessary preparation.,Critical,27,A,3/16/15,6/6/16,Cycle Inspection / Initial Inspection
40781636,8/22/14,Violations were cited in the following area(s).,06E,"Sanitized equipment or utensil, including in-use food dispensing utensil, improperly used or stored.",Critical,12,A,8/22/14,6/6/16,Cycle Inspection / Re-inspection
40593315,4/1/13,Violations were cited in the following area(s).,10F,"Non-food contact surface improperly constructed. Unacceptable material used. Non-food contact surface or equipment improperly maintained and/or not properly sealed, raised, spaced or movable to allow accessibility for cleaning on all sides, above and underneath the unit.",Not Critical,9,,,6/6/16,Cycle Inspection / Initial Inspection
41355701,10/31/14,No violations were recorded at the time of this inspection.,06F,Wiping cloths soiled or not stored in sanitizing solution.,Not Applicable,21,,,6/6/16,Trans Fat / Re-inspection
50002767,2/24/15,Violations were cited in the following area(s).,06C,"Food not protected from potential source of contamination during storage, preparation, transportation, display or service.",Critical,12,A,2/24/15,6/6/16,Cycle Inspection / Initial Inspection
40584086,7/21/15,Violations were cited in the following area(s).,10F,"Non-food contact surface improperly constructed. Unacceptable material used. Non-food contact surface or equipment improperly maintained and/or not properly sealed, raised, spaced or movable to allow accessibility for cleaning on all sides, above and underneath the unit.",Not Critical,47,A,3/18/14,6/6/16,Cycle Inspection / Initial Inspection
40819558,5/13/15,Violations were cited in the following area(s).,06F,Wiping cloths soiled or not stored in sanitizing solution.,Critical,31,A,11/19/13,6/6/16,Cycle Inspection / Initial Inspection
41150437,9/8/14,Violations were cited in the following area(s).,10E,Accurate thermometer not provided in refrigerated or hot holding equipment.,Not Critical,11,A,9/8/14,6/6/16,Cycle Inspection / Initial Inspection
50044329,12/11/15,Violations were cited in the following area(s).,10F,"Non-food contact surface improperly constructed. Unacceptable material used. Non-food contact surface or equipment improperly maintained and/or not properly sealed, raised, spaced or movable to allow accessibility for cleaning on all sides, above and underneath the unit.",Not Critical,2,Not Yet Graded,8/18/15,6/6/16,Pre-permit (Non-operational) / Initial Inspection
41691671,6/25/14,Violations were cited in the following area(s).,10F,"Non-food contact surface improperly constructed. Unacceptable material used. Non-food contact surface or equipment improperly maintained and/or not properly sealed, raised, spaced or movable to allow accessibility for cleaning on all sides, above and underneath the unit.",Not Critical,11,A,6/25/14,6/6/16,Cycle Inspection / Re-inspection
40565165,3/18/16,Violations were cited in the following area(s).,08C,Pesticide use not in accordance with label or applicable laws. Prohibited chemical used/stored. Open bait station used.,Not Critical,35,B,10/7/14,6/6/16,Cycle Inspection / Initial Inspection
40891881,3/11/15,Violations were cited in the following area(s).,02G,Cold food item held above 41_ F (smoked fish and reduced oxygen packaged foods above 38 ) except during necessary preparation.,Critical,19,,,6/6/16,Cycle Inspection / Initial Inspection
41503546,1/24/13,Violations were cited in the following area(s).,06E,"Sanitized equipment or utensil, including in-use food dispensing utensil, improperly used or stored.",Critical,22,A,7/10/15,6/6/16,Cycle Inspection / Initial Inspection
41714810,3/4/14,Violations were cited in the following area(s).,08A,Facility not vermin proof. Harborage or conditions conducive to attracting vermin to the premises and/or allowing vermin to exist.,Not Critical,25,A,2/26/16,6/6/16,Cycle Inspection / Initial Inspection
50000254,4/2/15,Violations were cited in the following area(s).,10F,"Non-food contact surface improperly constructed. Unacceptable material used. Non-food contact surface or equipment improperly maintained and/or not properly sealed, raised, spaced or movable to allow accessibility for cleaning on all sides, above and underneath the unit.",Not Critical,8,A,4/2/15,6/6/16,Cycle Inspection / Re-inspection
40391824,8/28/14,Violations were cited in the following area(s).,10B,Plumbing not properly installed or maintained; anti-siphonage or backflow prevention device not provided where required; equipment or floor not properly drained; sewage disposal system in disrepair or not functioning properly.,Not Critical,12,A,8/28/14,6/6/16,Cycle Inspection / Re-inspection
40553657,1/14/15,Violations were cited in the following area(s).,06D,"Food contact surface not properly washed, rinsed and sanitized after each use and following any activity when contamination may have occurred.",Critical,12,A,1/14/15,6/6/16,Cycle Inspection / Re-inspection
41639072,1/6/15,Violations were cited in the following area(s).,06C,"Food not protected from potential source of contamination during storage, preparation, transportation, display or service.",Critical,20,A,2/5/16,6/6/16,Cycle Inspection / Initial Inspection
50015968,1/5/16,Violations were cited in the following area(s).,04L,Evidence of mice or live mice present in facility's food and/or non-food areas.,Critical,8,,,6/6/16,Cycle Inspection / Initial Inspection
41199241,2/11/15,Violations were cited in the following area(s).,02B,Hot food item not held at or above 140_ F.,Critical,17,A,4/15/15,6/6/16,Cycle Inspection / Initial Inspection
41591116,8/11/14,Violations were cited in the following area(s).,06D,"Food contact surface not properly washed, rinsed and sanitized after each use and following any activity when contamination may have occurred.",Critical,13,A,8/11/14,6/6/16,Cycle Inspection / Re-inspection
50040303,10/16/15,Violations were cited in the following area(s).,06D,"Food contact surface not properly washed, rinsed and sanitized after each use and following any activity when contamination may have occurred.",Critical,12,A,10/16/15,6/6/16,Pre-permit (Operational) / Re-inspection
50007158,6/19/15,Violations were cited in the following area(s).,06D,"Food contact surface not properly washed, rinsed and sanitized after each use and following any activity when contamination may have occurred.",Critical,27,A,3/30/15,6/6/16,Cycle Inspection / Initial Inspection
50001798,6/4/16,Violations were cited in the following area(s).,10F,"Non-food contact surface improperly constructed. Unacceptable material used. Non-food contact surface or equipment improperly maintained and/or not properly sealed, raised, spaced or movable to allow accessibility for cleaning on all sides, above and underneath the unit.",Not Critical,20,B,6/25/14,6/6/16,Cycle Inspection / Initial Inspection
41677849,3/21/16,Violations were cited in the following area(s).,10F,"Non-food contact surface improperly constructed. Unacceptable material used. Non-food contact surface or equipment improperly maintained and/or not properly sealed, raised, spaced or movable to allow accessibility for cleaning on all sides, above and underneath the unit.",Not Critical,32,B,10/2/14,6/6/16,Cycle Inspection / Initial Inspection
41389644,3/4/15,Violations were cited in the following area(s).,06E,"Sanitized equipment or utensil, including in-use food dispensing utensil, improperly used or stored.",Critical,14,A,6/16/14,6/6/16,Cycle Inspection / Initial Inspection
41492331,4/14/15,Violations were cited in the following area(s).,06E,"Sanitized equipment or utensil, including in-use food dispensing utensil, improperly used or stored.",Critical,19,B,4/14/15,6/6/16,Cycle Inspection / Re-inspection
40364467,7/22/14,Violations were cited in the following area(s).,02G,Cold food item held above 41_ F (smoked fish and reduced oxygen packaged foods above 38 ) except during necessary preparation.,Critical,35,A,9/5/13,6/6/16,Cycle Inspection / Initial Inspection
41582081,4/25/13,Violations were cited in the following area(s).,06D,"Food contact surface not properly washed, rinsed and sanitized after each use and following any activity when contamination may have occurred.",Critical,31,,,6/6/16,Cycle Inspection / Initial Inspection
41014673,4/7/16,Violations were cited in the following area(s).,08A,Facility not vermin proof. Harborage or conditions conducive to attracting vermin to the premises and/or allowing vermin to exist.,Not Critical,11,A,4/7/16,6/6/16,Cycle Inspection / Initial Inspection
41612461,9/16/14,Violations were cited in the following area(s).,04H,"Raw, cooked or prepared food is adulterated, contaminated, cross-contaminated, or not discarded in accordance with HACCP plan.",Critical,25,,,6/6/16,Cycle Inspection / Initial Inspection
41583427,3/26/15,Violations were cited in the following area(s).,02A,Food not cooked to required minimum temperature.,Critical,21,C,3/19/15,6/6/16,Cycle Inspection / Initial Inspection
41081535,6/10/15,Violations were cited in the following area(s).,06F,Wiping cloths soiled or not stored in sanitizing solution.,Critical,35,C,9/8/14,6/6/16,Cycle Inspection / Initial Inspection
50002068,10/10/14,Violations were cited in the following area(s).,08A,Facility not vermin proof. Harborage or conditions conducive to attracting vermin to the premises and/or allowing vermin to exist.,Not Critical,30,,,6/6/16,Cycle Inspection / Initial Inspection
40566783,2/17/15,Violations were cited in the following area(s).,10B,Plumbing not properly installed or maintained; anti-siphonage or backflow prevention device not provided where required; equipment or floor not properly drained; sewage disposal system in disrepair or not functioning properly.,Not Critical,18,A,5/24/16,6/6/16,Cycle Inspection / Initial Inspection
41420758,2/7/13,Violations were cited in the following area(s).,04L,Evidence of mice or live mice present in facility's food and/or non-food areas.,Critical,26,,,6/6/16,Cycle Inspection / Initial Inspection
50010428,4/29/16,Violations were cited in the following area(s).,06E,"Sanitized equipment or utensil, including in-use food dispensing utensil, improperly used or stored.",Critical,7,A,4/29/16,6/6/16,Cycle Inspection / Re-inspection
41722071,7/31/13,Violations were cited in the following area(s).,02B,Hot food item not held at or above 140_ F.,Critical,12,A,7/31/13,6/6/16,Cycle Inspection / Re-inspection
50004182,8/7/14,Violations were cited in the following area(s).,10H,Proper sanitization not provided for utensil ware washing operation.,Not Critical,41,,,6/6/16,Cycle Inspection / Initial Inspection
50012418,10/15/15,Violations were cited in the following area(s).,02G,Cold food item held above 41_ F (smoked fish and reduced oxygen packaged foods above 38 ) except during necessary preparation.,Critical,35,,,6/6/16,Cycle Inspection / Initial Inspection
50003874,2/15/14,Violations were cited in the following area(s).,10D,"Mechanical or natural ventilation system not provided, improperly installed, in disrepair and/or fails to prevent excessive build-up of grease, heat, steam condensation vapors, odors, smoke, and fumes.",Not Critical,9,A,2/15/14,6/6/16,Pre-permit (Operational) / Initial Inspection
50001962,8/17/13,Violations were cited in the following area(s).,02B,Hot food item not held at or above 140_ F.,Critical,38,A,3/4/16,6/6/16,Pre-permit (Operational) / Initial Inspection
41539593,10/10/13,Establishment Closed by DOHMH.  Violations were cited in the following area(s) and those requiring immediate action were addressed.,02B,Hot food item not held at or above 140_ F.,Critical,67,,,6/6/16,Cycle Inspection / Initial Inspection
40513059,8/18/15,Violations were cited in the following area(s).,04M,Live roaches present in facility's food and/or non-food areas.,Critical,23,A,4/24/13,6/6/16,Cycle Inspection / Initial Inspection
50000154,11/4/15,Violations were cited in the following area(s).,04A,Food Protection Certificate not held by supervisor of food operations.,Critical,28,,,6/6/16,Cycle Inspection / Initial Inspection
40536599,7/8/13,Violations were cited in the following area(s).,15J,Ashtray present in smoke-free area.,Not Critical,13,A,2/24/15,6/6/16,Smoke-Free Air Act / Re-inspection
50001019,2/7/14,Violations were cited in the following area(s).,06F,Wiping cloths soiled or not stored in sanitizing solution.,Critical,23,B,3/11/16,6/6/16,Cycle Inspection / Initial Inspection
50007086,9/9/15,Establishment Closed by DOHMH.  Violations were cited in the following area(s) and those requiring immediate action were addressed.,10B,Plumbing not properly installed or maintained; anti-siphonage or backflow prevention device not provided where required; equipment or floor not properly drained; sewage disposal system in disrepair or not functioning properly.,Not Critical,67,B,9/25/13,6/6/16,Cycle Inspection / Initial Inspection
50036443,1/25/16,Violations were cited in the following area(s).,10I,"Single service item reused, improperly stored, dispensed; not used when required.",Not Critical,11,A,1/25/16,6/6/16,Cycle Inspection / Re-inspection
41075000,5/7/14,Violations were cited in the following area(s).,09B,Thawing procedures improper.,Not Critical,20,B,2/26/14,6/6/16,Cycle Inspection / Initial Inspection
41138056,1/11/16,Violations were cited in the following area(s).,06C,"Food not protected from potential source of contamination during storage, preparation, transportation, display or service.",Critical,18,,,6/6/16,Cycle Inspection / Initial Inspection
50038922,6/3/16,Violations were cited in the following area(s).,16C,"Caloric content not posted on menus, menu boards or food tags, in a food service establishment that is 1 of 15 or more outlets operating the same type of business nationally under common ownership or control, or as a franchise or doing business under the same name, for each menu item that is served in portions, the size and content of which are standardized.",Not Critical,20,,,6/6/16,Calorie Posting / Initial Inspection
41574650,12/21/15,Violations were cited in the following area(s).,10E,Accurate thermometer not provided in refrigerated or hot holding equipment.,Not Critical,12,A,12/21/15,6/6/16,Cycle Inspection / Initial Inspection
41672897,5/30/15,Violations were cited in the following area(s).,06C,"Food not protected from potential source of contamination during storage, preparation, transportation, display or service.",Critical,7,A,5/30/15,6/6/16,Cycle Inspection / Re-inspection
50014192,10/7/14,Violations were cited in the following area(s).,16B,"The original nutritional fact labels and/or ingredient label for a cooking oil, shortening or margarine or food item sold in bulk, or acceptable manufacturers documentation not maintained on site.",Not Critical,15,A,11/6/14,6/6/16,Trans Fat / Re-inspection
40389701,1/30/14,Violations were cited in the following area(s).,06C,"Food not protected from potential source of contamination during storage, preparation, transportation, display or service.",Critical,35,A,6/20/13,6/6/16,Cycle Inspection / Initial Inspection
41683816,5/29/15,Establishment Closed by DOHMH.  Violations were cited in the following area(s) and those requiring immediate action were addressed.,06C,"Food not protected from potential source of contamination during storage, preparation, transportation, display or service.",Critical,53,,,6/6/16,Cycle Inspection / Re-inspection
50017456,5/14/15,Violations were cited in the following area(s).,10A,"Toilet facility not maintained and provided with toilet paper, waste receptacle and self-closing door.",Not Critical,18,B,5/14/15,6/6/16,Pre-permit (Operational) / Re-inspection
41273111,11/15/12,Violations were cited in the following area(s).,10F,"Non-food contact surface improperly constructed. Unacceptable material used. Non-food contact surface or equipment improperly maintained and/or not properly sealed, raised, spaced or movable to allow accessibility for cleaning on all sides, above and underneath the unit.",Not Critical,51,A,8/6/14,6/6/16,Cycle Inspection / Initial Inspection
41654352,10/14/14,Violations were cited in the following area(s).,04N,"Filth flies or food/refuse/sewage-associated (FRSA) flies present in facilitys food and/or non-food areas. Filth flies include house flies, little house flies, blow flies, bottle flies and flesh flies. Food/refuse/sewage-associated flies include fruit flies, drain flies and Phorid flies.",Critical,18,A,11/10/14,6/6/16,Cycle Inspection / Initial Inspection
41037850,4/9/14,Violations were cited in the following area(s).,10F,"Non-food contact surface improperly constructed. Unacceptable material used. Non-food contact surface or equipment improperly maintained and/or not properly sealed, raised, spaced or movable to allow accessibility for cleaning on all sides, above and underneath the unit.",Not Critical,22,A,10/7/14,6/6/16,Cycle Inspection / Initial Inspection
41385081,12/12/13,Violations were cited in the following area(s).,02B,Hot food item not held at or above 140_ F.,Critical,33,A,2/6/14,6/6/16,Cycle Inspection / Initial Inspection
41651711,9/29/15,Violations were cited in the following area(s).,10F,"Non-food contact surface improperly constructed. Unacceptable material used. Non-food contact surface or equipment improperly maintained and/or not properly sealed, raised, spaced or movable to allow accessibility for cleaning on all sides, above and underneath the unit.",Not Critical,14,A,6/18/13,6/6/16,Cycle Inspection / Initial Inspection
41329576,11/10/14,Violations were cited in the following area(s).,10B,Plumbing not properly installed or maintained; anti-siphonage or backflow prevention device not provided where required; equipment or floor not properly drained; sewage disposal system in disrepair or not functioning properly.,Not Critical,8,A,11/10/14,6/6/16,Cycle Inspection / Re-inspection
41667131,6/7/14,Violations were cited in the following area(s).,10C,"Lighting inadequate; permanent lighting not provided in food preparation areas, ware washing areas, and storage rooms.",Not Critical,32,Z,5/11/16,6/6/16,Cycle Inspection / Initial Inspection
41450562,10/2/13,Violations were cited in the following area(s).,04A,Food Protection Certificate not held by supervisor of food operations.,Critical,41,A,8/6/14,6/6/16,Cycle Inspection / Initial Inspection
40399996,5/24/16,Violations were cited in the following area(s).,02G,Cold food item held above 41_ F (smoked fish and reduced oxygen packaged foods above 38 ) except during necessary preparation.,Critical,21,A,2/19/15,6/6/16,Cycle Inspection / Initial Inspection
41348986,7/15/13,Establishment re-opened by DOHMH,08A,Facility not vermin proof. Harborage or conditions conducive to attracting vermin to the premises and/or allowing vermin to exist.,Not Critical,9,,,6/6/16,Cycle Inspection / Reopening Inspection
41682554,1/26/15,Violations were cited in the following area(s).,04L,Evidence of mice or live mice present in facility's food and/or non-food areas.,Critical,22,B,1/26/15,6/6/16,Cycle Inspection / Re-inspection
40947943,5/24/13,Violations were cited in the following area(s).,16B,"The original nutritional fact labels and/or ingredient label for a cooking oil, shortening or margarine or food item sold in bulk, or acceptable manufacturers documentation not maintained on site.",Not Critical,10,A,7/25/13,6/6/16,Trans Fat / Initial Inspection
40620726,5/27/15,Violations were cited in the following area(s).,06G,HACCP plan not approved or approved HACCP plan not maintained on premises.,Critical,45,C,5/27/15,6/6/16,Cycle Inspection / Re-inspection
40402893,11/12/13,Violations were cited in the following area(s).,06C,"Food not protected from potential source of contamination during storage, preparation, transportation, display or service.",Critical,21,,,6/6/16,Cycle Inspection / Initial Inspection
40369400,8/10/15,Violations were cited in the following area(s).,22C,"Bulb not shielded or shatterproof, in areas where there is extreme heat, temperature changes, or where accidental contact may occur.",Not Critical,10,A,7/9/15,6/6/16,Administrative Miscellaneous / Initial Inspection
41685823,5/14/14,Violations were cited in the following area(s).,06C,"Food not protected from potential source of contamination during storage, preparation, transportation, display or service.",Critical,21,A,9/29/15,6/6/16,Cycle Inspection / Initial Inspection
40751057,2/10/15,No violations were recorded at the time of this inspection.,10B,Plumbing not properly installed or maintained; anti-siphonage or backflow prevention device not provided where required; equipment or floor not properly drained; sewage disposal system in disrepair or not functioning properly.,Not Applicable,26,,,6/6/16,Administrative Miscellaneous / Initial Inspection
40934230,3/4/16,Violations were cited in the following area(s).,04A,Food Protection Certificate not held by supervisor of food operations.,Critical,10,A,3/4/16,6/6/16,Cycle Inspection / Initial Inspection
41512813,5/19/14,Violations were cited in the following area(s).,06D,"Food contact surface not properly washed, rinsed and sanitized after each use and following any activity when contamination may have occurred.",Critical,24,,,6/6/16,Cycle Inspection / Initial Inspection
41057755,7/16/15,Violations were cited in the following area(s).,10F,"Non-food contact surface improperly constructed. Unacceptable material used. Non-food contact surface or equipment improperly maintained and/or not properly sealed, raised, spaced or movable to allow accessibility for cleaning on all sides, above and underneath the unit.",Not Critical,13,A,7/16/15,6/6/16,Cycle Inspection / Re-inspection
50001441,12/15/15,Violations were cited in the following area(s).,02G,Cold food item held above 41_ F (smoked fish and reduced oxygen packaged foods above 38 ) except during necessary preparation.,Critical,31,A,5/5/15,6/6/16,Cycle Inspection / Initial Inspection
50009420,5/27/14,Violations were cited in the following area(s).,08A,Facility not vermin proof. Harborage or conditions conducive to attracting vermin to the premises and/or allowing vermin to exist.,Not Critical,13,,,6/6/16,Pre-permit (Operational) / Initial Inspection
41560911,12/20/14,Violations were cited in the following area(s).,02B,Hot food item not held at or above 140_ F.,Critical,25,A,8/12/14,6/6/16,Cycle Inspection / Initial Inspection
50001763,8/25/15,Violations were cited in the following area(s).,02B,Hot food item not held at or above 140_ F.,Critical,12,,,6/6/16,Cycle Inspection / Compliance Inspection
50015048,2/6/16,Violations were cited in the following area(s).,10B,Plumbing not properly installed or maintained; anti-siphonage or backflow prevention device not provided where required; equipment or floor not properly drained; sewage disposal system in disrepair or not functioning properly.,Not Critical,32,A,2/28/16,6/6/16,Cycle Inspection / Initial Inspection
50005889,8/19/15,Violations were cited in the following area(s).,08C,Pesticide use not in accordance with label or applicable laws. Prohibited chemical used/stored. Open bait station used.,Not Critical,2,A,2/9/16,6/6/16,Cycle Inspection / Initial Inspection
40851227,9/3/13,Violations were cited in the following area(s).,20F,Current letter grade card not posted.,Not Critical,19,B,1/29/14,6/6/16,Administrative Miscellaneous / Initial Inspection
41644123,5/19/16,Violations were cited in the following area(s).,02C,Hot food item that has been cooked and refrigerated is being held for service without first being reheated to 1 65_ F or above within 2 hours.,Critical,7,A,5/19/16,6/6/16,Cycle Inspection / Initial Inspection
40424765,2/27/15,Violations were cited in the following area(s).,04L,Evidence of mice or live mice present in facility's food and/or non-food areas.,Critical,11,A,2/27/15,6/6/16,Cycle Inspection / Initial Inspection
40560074,4/8/13,Violations were cited in the following area(s).,10B,Plumbing not properly installed or maintained; anti-siphonage or backflow prevention device not provided where required; equipment or floor not properly drained; sewage disposal system in disrepair or not functioning properly.,Not Critical,6,A,4/8/13,6/6/16,Cycle Inspection / Initial Inspection
41632390,7/17/15,Violations were cited in the following area(s).,06C,"Food not protected from potential source of contamination during storage, preparation, transportation, display or service.",Critical,13,A,7/17/15,6/6/16,Cycle Inspection / Re-inspection
41634043,8/6/14,Violations were cited in the following area(s).,04L,Evidence of mice or live mice present in facility's food and/or non-food areas.,Critical,13,A,8/6/14,6/6/16,Cycle Inspection / Re-inspection
40869272,12/8/14,Violations were cited in the following area(s).,10D,"Mechanical or natural ventilation system not provided, improperly installed, in disrepair and/or fails to prevent excessive build-up of grease, heat, steam condensation vapors, odors, smoke, and fumes.",Not Critical,11,A,12/8/14,6/6/16,Cycle Inspection / Initial Inspection
50005852,12/2/15,Violations were cited in the following area(s).,06A,Personal cleanliness inadequate. Outer garment soiled with possible contaminant.  Effective hair restraint not worn in an area where food is prepared.,Critical,43,A,3/10/15,6/6/16,Cycle Inspection / Initial Inspection
41528976,12/24/13,Violations were cited in the following area(s).,02G,Cold food item held above 41_ F (smoked fish and reduced oxygen packaged foods above 38 ) except during necessary preparation.,Critical,7,A,12/24/13,6/6/16,Cycle Inspection / Re-inspection
41634515,1/26/15,Violations were cited in the following area(s).,06D,"Food contact surface not properly washed, rinsed and sanitized after each use and following any activity when contamination may have occurred.",Critical,12,A,1/26/15,6/6/16,Cycle Inspection / Initial Inspection
50018271,8/6/15,Violations were cited in the following area(s).,08A,Facility not vermin proof. Harborage or conditions conducive to attracting vermin to the premises and/or allowing vermin to exist.,Not Critical,47,C,8/6/15,6/6/16,Cycle Inspection / Re-inspection
40999185,5/31/16,Violations were cited in the following area(s).,06D,"Food contact surface not properly washed, rinsed and sanitized after each use and following any activity when contamination may have occurred.",Critical,53,,,6/6/16,Cycle Inspection / Initial Inspection
41708279,8/31/15,Violations were cited in the following area(s).,08C,Pesticide use not in accordance with label or applicable laws. Prohibited chemical used/stored. Open bait station used.,Not Critical,33,A,2/19/15,6/6/16,Cycle Inspection / Initial Inspection
40395122,11/12/14,Violations were cited in the following area(s).,06C,"Food not protected from potential source of contamination during storage, preparation, transportation, display or service.",Critical,12,A,11/12/14,6/6/16,Cycle Inspection / Initial Inspection
50001941,12/1/15,Violations were cited in the following area(s).,06E,"Sanitized equipment or utensil, including in-use food dispensing utensil, improperly used or stored.",Critical,42,A,11/15/13,6/6/16,Cycle Inspection / Initial Inspection
50045856,2/8/16,Violations were cited in the following area(s).,10F,"Non-food contact surface improperly constructed. Unacceptable material used. Non-food contact surface or equipment improperly maintained and/or not properly sealed, raised, spaced or movable to allow accessibility for cleaning on all sides, above and underneath the unit.",Not Critical,4,A,6/24/14,6/6/16,Pre-permit (Non-operational) / Re-inspection
50012606,3/28/16,Violations were cited in the following area(s).,02B,Hot food item not held at or above 140_ F.,Critical,19,B,3/28/16,6/6/16,Cycle Inspection / Re-inspection
40365627,2/25/13,Violations were cited in the following area(s).,04N,"Filth flies or food/refuse/sewage-associated (FRSA) flies present in facilitys food and/or non-food areas. Filth flies include house flies, little house flies, blow flies, bottle flies and flesh flies. Food/refuse/sewage-associated flies include fruit flies, drain flies and Phorid flies.",Critical,20,A,8/25/15,6/6/16,Cycle Inspection / Initial Inspection
41578481,2/5/13,Violations were cited in the following area(s).,06A,Personal cleanliness inadequate. Outer garment soiled with possible contaminant.  Effective hair restraint not worn in an area where food is prepared.,Critical,14,A,2/17/16,6/6/16,Cycle Inspection / Initial Inspection
41354409,3/18/13,Violations were cited in the following area(s).,04H,"Raw, cooked or prepared food is adulterated, contaminated, cross-contaminated, or not discarded in accordance with HACCP plan.",Critical,11,A,3/18/13,6/6/16,Cycle Inspection / Initial Inspection
41040475,2/19/15,Violations were cited in the following area(s).,06D,"Food contact surface not properly washed, rinsed and sanitized after each use and following any activity when contamination may have occurred.",Critical,25,,,6/6/16,Cycle Inspection / Initial Inspection
41037770,6/12/13,Violations were cited in the following area(s).,06E,"Sanitized equipment or utensil, including in-use food dispensing utensil, improperly used or stored.",Critical,5,A,6/12/13,6/6/16,Cycle Inspection / Initial Inspection
50008562,3/31/15,Violations were cited in the following area(s).,10F,"Non-food contact surface improperly constructed. Unacceptable material used. Non-food contact surface or equipment improperly maintained and/or not properly sealed, raised, spaced or movable to allow accessibility for cleaning on all sides, above and underneath the unit.",Not Critical,16,B,3/31/15,6/6/16,Pre-permit (Operational) / Re-inspection
41386047,6/2/16,Violations were cited in the following area(s).,10F,"Non-food contact surface improperly constructed. Unacceptable material used. Non-food contact surface or equipment improperly maintained and/or not properly sealed, raised, spaced or movable to allow accessibility for cleaning on all sides, above and underneath the unit.",Not Critical,5,A,6/2/16,6/6/16,Cycle Inspection / Initial Inspection
40621072,1/30/14,Violations were cited in the following area(s).,08A,Facility not vermin proof. Harborage or conditions conducive to attracting vermin to the premises and/or allowing vermin to exist.,Not Critical,12,A,1/30/14,6/6/16,Cycle Inspection / Re-inspection
41453387,4/3/14,Violations were cited in the following area(s).,10F,"Non-food contact surface improperly constructed. Unacceptable material used. Non-food contact surface or equipment improperly maintained and/or not properly sealed, raised, spaced or movable to allow accessibility for cleaning on all sides, above and underneath the unit.",Not Critical,10,A,4/3/14,6/6/16,Cycle Inspection / Re-inspection
41579518,3/10/14,Violations were cited in the following area(s).,02G,Cold food item held above 41_ F (smoked fish and reduced oxygen packaged foods above 38 ) except during necessary preparation.,Critical,9,A,3/10/14,6/6/16,Cycle Inspection / Initial Inspection
50002387,11/20/13,Violations were cited in the following area(s).,16B,"The original nutritional fact labels and/or ingredient label for a cooking oil, shortening or margarine or food item sold in bulk, or acceptable manufacturers documentation not maintained on site.",Not Critical,6,A,1/20/15,6/6/16,Trans Fat / Initial Inspection
41688212,1/10/14,Violations were cited in the following area(s).,02B,Hot food item not held at or above 140_ F.,Critical,9,A,1/10/14,6/6/16,Cycle Inspection / Initial Inspection
41569547,5/22/13,Violations were cited in the following area(s).,04A,Food Protection Certificate not held by supervisor of food operations.,Critical,12,A,5/22/13,6/6/16,Cycle Inspection / Initial Inspection
40563475,7/16/12,Violations were cited in the following area(s).,02G,Cold food item held above 41_ F (smoked fish and reduced oxygen packaged foods above 38 ) except during necessary preparation.,Critical,10,A,7/16/12,6/6/16,Cycle Inspection / Re-inspection
41248584,3/29/16,Violations were cited in the following area(s).,10F,"Non-food contact surface improperly constructed. Unacceptable material used. Non-food contact surface or equipment improperly maintained and/or not properly sealed, raised, spaced or movable to allow accessibility for cleaning on all sides, above and underneath the unit.",Not Critical,19,A,10/8/15,6/6/16,Cycle Inspection / Initial Inspection
50048762,1/1/00,Violations were cited in the following area(s).,09B,Thawing procedures improper.,Not Applicable,13,A,7/10/15,6/6/16,Cycle Inspection / Initial Inspection
41712403,4/1/15,Violations were cited in the following area(s).,02G,Cold food item held above 41_ F (smoked fish and reduced oxygen packaged foods above 38 ) except during necessary preparation.,Critical,17,A,5/2/16,6/6/16,Cycle Inspection / Initial Inspection
40715372,9/24/15,Violations were cited in the following area(s).,06C,"Food not protected from potential source of contamination during storage, preparation, transportation, display or service.",Critical,31,B,4/3/14,6/6/16,Cycle Inspection / Initial Inspection
41483841,1/14/14,Violations were cited in the following area(s).,02G,Cold food item held above 41_ F (smoked fish and reduced oxygen packaged foods above 38 ) except during necessary preparation.,Critical,25,,,6/6/16,Cycle Inspection / Initial Inspection
41556940,9/11/13,No violations were recorded at the time of this inspection.,10B,Plumbing not properly installed or maintained; anti-siphonage or backflow prevention device not provided where required; equipment or floor not properly drained; sewage disposal system in disrepair or not functioning properly.,Not Applicable,13,Not Yet Graded,10/6/14,6/6/16,Calorie Posting / Re-inspection
50018356,2/11/15,Violations were cited in the following area(s).,10F,"Non-food contact surface improperly constructed. Unacceptable material used. Non-food contact surface or equipment improperly maintained and/or not properly sealed, raised, spaced or movable to allow accessibility for cleaning on all sides, above and underneath the unit.",Not Critical,39,C,2/11/15,6/6/16,Pre-permit (Operational) / Re-inspection
41419478,5/5/15,Violations were cited in the following area(s).,09B,Thawing procedures improper.,Not Critical,14,A,2/26/13,6/6/16,Cycle Inspection / Initial Inspection
41689496,10/24/13,Violations were cited in the following area(s).,16B,"The original nutritional fact labels and/or ingredient label for a cooking oil, shortening or margarine or food item sold in bulk, or acceptable manufacturers documentation not maintained on site.",Not Critical,32,Z,5/19/16,6/6/16,Trans Fat / Initial Inspection
41492690,5/30/14,Violations were cited in the following area(s).,06D,"Food contact surface not properly washed, rinsed and sanitized after each use and following any activity when contamination may have occurred.",Critical,10,A,5/30/14,6/6/16,Cycle Inspection / Re-inspection
41397450,7/1/15,Violations were cited in the following area(s).,04N,"Filth flies or food/refuse/sewage-associated (FRSA) flies present in facilitys food and/or non-food areas. Filth flies include house flies, little house flies, blow flies, bottle flies and flesh flies. Food/refuse/sewage-associated flies include fruit flies, drain flies and Phorid flies.",Critical,13,A,7/1/15,6/6/16,Cycle Inspection / Re-inspection
41585586,2/18/15,Violations were cited in the following area(s).,10H,Proper sanitization not provided for utensil ware washing operation.,Not Critical,17,,,6/6/16,Cycle Inspection / Initial Inspection
41305392,1/2/13,Violations were cited in the following area(s).,09C,Food contact surface not properly maintained.,Not Critical,6,A,1/2/13,6/6/16,Cycle Inspection / Initial Inspection
41541117,10/22/14,No violations were recorded at the time of this inspection.,04L,Evidence of mice or live mice present in facility's food and/or non-food areas.,Not Applicable,22,,,6/6/16,Administrative Miscellaneous / Initial Inspection
41542466,5/22/14,Violations were cited in the following area(s).,10B,Plumbing not properly installed or maintained; anti-siphonage or backflow prevention device not provided where required; equipment or floor not properly drained; sewage disposal system in disrepair or not functioning properly.,Not Critical,5,A,5/22/14,6/6/16,Cycle Inspection / Initial Inspection
41565283,4/1/15,Violations were cited in the following area(s).,08A,Facility not vermin proof. Harborage or conditions conducive to attracting vermin to the premises and/or allowing vermin to exist.,Not Critical,12,A,6/2/14,6/6/16,Cycle Inspection / Initial Inspection
40855909,3/5/15,Violations were cited in the following area(s).,16B,"The original nutritional fact labels and/or ingredient label for a cooking oil, shortening or margarine or food item sold in bulk, or acceptable manufacturers documentation not maintained on site.",Not Critical,24,B,4/21/16,6/6/16,Trans Fat / Re-inspection
41542191,8/21/14,Violations were cited in the following area(s).,06A,Personal cleanliness inadequate. Outer garment soiled with possible contaminant.  Effective hair restraint not worn in an area where food is prepared.,Critical,29,,,6/6/16,Cycle Inspection / Initial Inspection
41611084,5/5/16,Violations were cited in the following area(s).,06C,"Food not protected from potential source of contamination during storage, preparation, transportation, display or service.",Critical,26,A,5/25/16,6/6/16,Cycle Inspection / Initial Inspection
40916179,4/10/14,Violations were cited in the following area(s).,04A,Food Protection Certificate not held by supervisor of food operations.,Critical,21,B,4/10/14,6/6/16,Cycle Inspection / Re-inspection
50042704,10/24/15,Violations were cited in the following area(s).,05H,"No facilities available to wash, rinse and sanitize utensils and/or equipment.",Critical,28,,,6/6/16,Pre-permit (Operational) / Initial Inspection
41468815,5/19/15,Violations were cited in the following area(s).,10F,"Non-food contact surface improperly constructed. Unacceptable material used. Non-food contact surface or equipment improperly maintained and/or not properly sealed, raised, spaced or movable to allow accessibility for cleaning on all sides, above and underneath the unit.",Not Critical,11,A,5/19/15,6/6/16,Cycle Inspection / Re-inspection
41715345,3/26/13,Violations were cited in the following area(s).,02G,Cold food item held above 41_ F (smoked fish and reduced oxygen packaged foods above 38 ) except during necessary preparation.,Critical,15,C,12/6/12,6/6/16,Pre-permit (Operational) / Initial Inspection
41643622,11/10/15,Violations were cited in the following area(s).,04N,"Filth flies or food/refuse/sewage-associated (FRSA) flies present in facilitys food and/or non-food areas. Filth flies include house flies, little house flies, blow flies, bottle flies and flesh flies. Food/refuse/sewage-associated flies include fruit flies, drain flies and Phorid flies.",Critical,9,A,11/10/15,6/6/16,Cycle Inspection / Re-inspection
40790869,6/8/15,Violations were cited in the following area(s).,02G,Cold food item held above 41_ F (smoked fish and reduced oxygen packaged foods above 38 ) except during necessary preparation.,Critical,32,,,6/6/16,Cycle Inspection / Initial Inspection
41488373,11/7/13,Violations were cited in the following area(s).,06C,"Food not protected from potential source of contamination during storage, preparation, transportation, display or service.",Critical,10,A,11/7/13,6/6/16,Cycle Inspection / Re-inspection
40743370,8/29/15,Violations were cited in the following area(s).,10F,"Non-food contact surface improperly constructed. Unacceptable material used. Non-food contact surface or equipment improperly maintained and/or not properly sealed, raised, spaced or movable to allow accessibility for cleaning on all sides, above and underneath the unit.",Not Critical,24,B,8/29/15,6/6/16,Cycle Inspection / Re-inspection
50003146,10/29/14,Violations were cited in the following area(s).,15L,"Smoke free workplace smoking policy inadequate, not posted, not provided to employees.",Not Critical,13,A,4/1/14,6/6/16,Smoke-Free Air Act / Re-inspection
41714185,9/5/13,Establishment Closed by DOHMH.  Violations were cited in the following area(s) and those requiring immediate action were addressed.,04L,Evidence of mice or live mice present in facility's food and/or non-food areas.,Critical,51,,,6/6/16,Cycle Inspection / Initial Inspection
40606772,7/8/14,Violations were cited in the following area(s).,06C,"Food not protected from potential source of contamination during storage, preparation, transportation, display or service.",Critical,11,A,7/8/14,6/6/16,Cycle Inspection / Initial Inspection
41601789,8/27/14,Violations were cited in the following area(s).,06D,"Food contact surface not properly washed, rinsed and sanitized after each use and following any activity when contamination may have occurred.",Critical,9,A,8/27/14,6/6/16,Cycle Inspection / Re-inspection
41546956,5/8/15,Violations were cited in the following area(s).,04A,Food Protection Certificate not held by supervisor of food operations.,Critical,22,,,6/6/16,Cycle Inspection / Initial Inspection
41047105,2/16/16,Violations were cited in the following area(s).,02G,Cold food item held above 41_ F (smoked fish and reduced oxygen packaged foods above 38 ) except during necessary preparation.,Critical,26,B,2/16/16,6/6/16,Cycle Inspection / Re-inspection
41717914,1/25/14,Violations were cited in the following area(s).,08A,Facility not vermin proof. Harborage or conditions conducive to attracting vermin to the premises and/or allowing vermin to exist.,Not Critical,46,C,1/25/14,6/6/16,Cycle Inspection / Re-inspection
41251541,3/23/15,Violations were cited in the following area(s).,10F,"Non-food contact surface improperly constructed. Unacceptable material used. Non-food contact surface or equipment improperly maintained and/or not properly sealed, raised, spaced or movable to allow accessibility for cleaning on all sides, above and underneath the unit.",Not Critical,13,A,3/23/15,6/6/16,Cycle Inspection / Initial Inspection
41437033,7/14/15,Violations were cited in the following area(s).,02G,Cold food item held above 41_ F (smoked fish and reduced oxygen packaged foods above 38 ) except during necessary preparation.,Critical,9,A,7/14/15,6/6/16,Cycle Inspection / Initial Inspection
41274838,5/13/15,Violations were cited in the following area(s).,10B,Plumbing not properly installed or maintained; anti-siphonage or backflow prevention device not provided where required; equipment or floor not properly drained; sewage disposal system in disrepair or not functioning properly.,Not Critical,11,A,5/13/15,6/6/16,Cycle Inspection / Initial Inspection
40361708,1/6/15,Violations were cited in the following area(s).,10F,"Non-food contact surface improperly constructed. Unacceptable material used. Non-food contact surface or equipment improperly maintained and/or not properly sealed, raised, spaced or movable to allow accessibility for cleaning on all sides, above and underneath the unit.",Not Critical,12,A,12/15/14,6/6/16,Cycle Inspection / Initial Inspection
41204905,8/29/14,Violations were cited in the following area(s).,10F,"Non-food contact surface improperly constructed. Unacceptable material used. Non-food contact surface or equipment improperly maintained and/or not properly sealed, raised, spaced or movable to allow accessibility for cleaning on all sides, above and underneath the unit.",Not Critical,8,A,8/29/14,6/6/16,Cycle Inspection / Initial Inspection
41417674,1/6/16,Violations were cited in the following area(s).,08C,Pesticide use not in accordance with label or applicable laws. Prohibited chemical used/stored. Open bait station used.,Not Critical,13,,,6/6/16,Cycle Inspection / Initial Inspection
50001484,11/13/13,Violations were cited in the following area(s).,02B,Hot food item not held at or above 140_ F.,Critical,25,B,4/1/13,6/6/16,Pre-permit (Operational) / Compliance Inspection
41441583,9/5/13,Violations were cited in the following area(s).,02H,"Food not cooled by an approved method whereby the internal product temperature is reduced from 140_ F to 70_ F or less within 2 hours, and from 70_ F to 41_ F or less within 4 additional hours.",Critical,29,A,12/30/14,6/6/16,Cycle Inspection / Initial Inspection
41562311,5/6/14,Violations were cited in the following area(s).,03B,"Shellfish not from approved source, improperly tagged/labeled; tags not retained for 90 days.",Critical,61,C,5/6/14,6/6/16,Cycle Inspection / Re-inspection
41177205,8/12/13,Violations were cited in the following area(s).,08A,Facility not vermin proof. Harborage or conditions conducive to attracting vermin to the premises and/or allowing vermin to exist.,Not Critical,18,,,6/6/16,Cycle Inspection / Initial Inspection
50008761,6/5/15,Violations were cited in the following area(s).,06D,"Food contact surface not properly washed, rinsed and sanitized after each use and following any activity when contamination may have occurred.",Critical,12,A,6/5/15,6/6/16,Cycle Inspection / Re-inspection
41313420,12/21/15,Violations were cited in the following area(s).,04H,"Raw, cooked or prepared food is adulterated, contaminated, cross-contaminated, or not discarded in accordance with HACCP plan.",Critical,17,B,12/21/15,6/6/16,Cycle Inspection / Re-inspection
40363093,4/13/15,Violations were cited in the following area(s).,22C,"Bulb not shielded or shatterproof, in areas where there is extreme heat, temperature changes, or where accidental contact may occur.",Not Critical,37,C,7/22/14,6/6/16,Administrative Miscellaneous / Initial Inspection
41314307,8/22/13,Violations were cited in the following area(s).,10J,''''Wash hands sign not posted at hand wash facility.,Not Critical,12,A,5/9/14,6/6/16,Cycle Inspection / Initial Inspection
41163622,3/3/14,Violations were cited in the following area(s).,10F,"Non-food contact surface improperly constructed. Unacceptable material used. Non-food contact surface or equipment improperly maintained and/or not properly sealed, raised, spaced or movable to allow accessibility for cleaning on all sides, above and underneath the unit.",Not Critical,21,A,3/3/16,6/6/16,Cycle Inspection / Initial Inspection
40855992,4/9/15,Violations were cited in the following area(s).,10F,"Non-food contact surface improperly constructed. Unacceptable material used. Non-food contact surface or equipment improperly maintained and/or not properly sealed, raised, spaced or movable to allow accessibility for cleaning on all sides, above and underneath the unit.",Not Critical,15,B,4/9/15,6/6/16,Cycle Inspection / Re-inspection
41253814,7/21/14,Violations were cited in the following area(s).,02G,Cold food item held above 41_ F (smoked fish and reduced oxygen packaged foods above 38 ) except during necessary preparation.,Critical,10,P,6/18/15,6/6/16,Cycle Inspection / Initial Inspection
41709640,2/20/13,Violations were cited in the following area(s).,04A,Food Protection Certificate not held by supervisor of food operations.,Critical,10,A,2/20/13,6/6/16,Pre-permit (Operational) / Re-inspection
40910784,5/29/15,Violations were cited in the following area(s).,08A,Facility not vermin proof. Harborage or conditions conducive to attracting vermin to the premises and/or allowing vermin to exist.,Not Critical,10,A,5/29/15,6/6/16,Cycle Inspection / Re-inspection
41475632,10/19/15,Violations were cited in the following area(s).,08C,Pesticide use not in accordance with label or applicable laws. Prohibited chemical used/stored. Open bait station used.,Not Critical,30,A,5/25/16,6/6/16,Cycle Inspection / Initial Inspection
40944982,4/5/16,No violations were recorded at the time of this inspection.,10F,"Non-food contact surface improperly constructed. Unacceptable material used. Non-food contact surface or equipment improperly maintained and/or not properly sealed, raised, spaced or movable to allow accessibility for cleaning on all sides, above and underneath the unit.",Not Applicable,10,A,1/27/14,6/6/16,Administrative Miscellaneous / Initial Inspection
50003212,5/24/16,Violations were cited in the following area(s).,02B,Hot food item not held at or above 140_ F.,Critical,37,B,11/17/14,6/6/16,Cycle Inspection / Initial Inspection
50000853,6/3/15,Violations were cited in the following area(s).,04N,"Filth flies or food/refuse/sewage-associated (FRSA) flies present in facilitys food and/or non-food areas. Filth flies include house flies, little house flies, blow flies, bottle flies and flesh flies. Food/refuse/sewage-associated flies include fruit flies, drain flies and Phorid flies.",Critical,12,A,6/3/15,6/6/16,Cycle Inspection / Re-inspection
40398138,1/26/15,Violations were cited in the following area(s).,10F,"Non-food contact surface improperly constructed. Unacceptable material used. Non-food contact surface or equipment improperly maintained and/or not properly sealed, raised, spaced or movable to allow accessibility for cleaning on all sides, above and underneath the unit.",Not Critical,2,A,1/26/15,6/6/16,Cycle Inspection / Re-inspection
41379821,9/15/14,Violations were cited in the following area(s).,04N,"Filth flies or food/refuse/sewage-associated (FRSA) flies present in facilitys food and/or non-food areas. Filth flies include house flies, little house flies, blow flies, bottle flies and flesh flies. Food/refuse/sewage-associated flies include fruit flies, drain flies and Phorid flies.",Critical,11,A,9/15/14,6/6/16,Cycle Inspection / Re-inspection
41715036,3/17/14,Violations were cited in the following area(s).,04M,Live roaches present in facility's food and/or non-food areas.,Critical,27,A,10/6/15,6/6/16,Cycle Inspection / Initial Inspection
41422279,5/11/16,Violations were cited in the following area(s).,10F,"Non-food contact surface improperly constructed. Unacceptable material used. Non-food contact surface or equipment improperly maintained and/or not properly sealed, raised, spaced or movable to allow accessibility for cleaning on all sides, above and underneath the unit.",Not Critical,8,A,5/11/16,6/6/16,Cycle Inspection / Re-inspection
41460908,5/28/14,Violations were cited in the following area(s).,04M,Live roaches present in facility's food and/or non-food areas.,Critical,13,A,5/28/14,6/6/16,Cycle Inspection / Initial Inspection
41354008,5/16/13,Violations were cited in the following area(s).,04L,Evidence of mice or live mice present in facility's food and/or non-food areas.,Critical,23,A,5/21/15,6/6/16,Cycle Inspection / Initial Inspection
40545967,7/1/15,Violations were cited in the following area(s).,06E,"Sanitized equipment or utensil, including in-use food dispensing utensil, improperly used or stored.",Critical,17,B,7/1/15,6/6/16,Cycle Inspection / Re-inspection
40392384,6/6/14,Violations were cited in the following area(s).,04A,Food Protection Certificate not held by supervisor of food operations.,Critical,44,A,12/11/15,6/6/16,Cycle Inspection / Initial Inspection
41561941,5/12/15,Establishment Closed by DOHMH.  Violations were cited in the following area(s) and those requiring immediate action were addressed.,08A,Facility not vermin proof. Harborage or conditions conducive to attracting vermin to the premises and/or allowing vermin to exist.,Not Critical,42,A,3/20/16,6/6/16,Cycle Inspection / Initial Inspection
41660211,8/14/13,Violations were cited in the following area(s).,04M,Live roaches present in facility's food and/or non-food areas.,Critical,9,A,8/14/13,6/6/16,Cycle Inspection / Re-inspection
40395826,5/2/16,Violations were cited in the following area(s).,04L,Evidence of mice or live mice present in facility's food and/or non-food areas.,Critical,9,A,5/2/16,6/6/16,Cycle Inspection / Initial Inspection
40719693,6/13/14,Violations were cited in the following area(s).,08A,Facility not vermin proof. Harborage or conditions conducive to attracting vermin to the premises and/or allowing vermin to exist.,Not Critical,20,,,6/6/16,Cycle Inspection / Initial Inspection
41662685,6/22/15,Violations were cited in the following area(s).,04N,"Filth flies or food/refuse/sewage-associated (FRSA) flies present in facilitys food and/or non-food areas. Filth flies include house flies, little house flies, blow flies, bottle flies and flesh flies. Food/refuse/sewage-associated flies include fruit flies, drain flies and Phorid flies.",Critical,10,A,6/22/15,6/6/16,Cycle Inspection / Re-inspection
40397780,4/14/14,Violations were cited in the following area(s).,02H,"Food not cooled by an approved method whereby the internal product temperature is reduced from 140_ F to 70_ F or less within 2 hours, and from 70_ F to 41_ F or less within 4 additional hours.",Critical,12,A,4/14/14,6/6/16,Cycle Inspection / Initial Inspection
41618219,10/11/14,Violations were cited in the following area(s).,02G,Cold food item held above 41_ F (smoked fish and reduced oxygen packaged foods above 38 ) except during necessary preparation.,Critical,11,A,10/11/14,6/6/16,Cycle Inspection / Initial Inspection
50011784,8/15/14,Violations were cited in the following area(s).,02B,Hot food item not held at or above 140_ F.,Critical,20,B,8/15/14,6/6/16,Pre-permit (Operational) / Re-inspection
40699772,3/3/16,Violations were cited in the following area(s).,05D,Hand washing facility not provided in or near food preparation area and toilet room. Hot and cold running water at adequate pressure to enable cleanliness of employees not provided at facility. Soap and an acceptable hand-drying device not provided.,Critical,20,A,8/4/14,6/6/16,Cycle Inspection / Initial Inspection
50009758,9/18/15,Establishment re-closed by DOHMH,10F,"Non-food contact surface improperly constructed. Unacceptable material used. Non-food contact surface or equipment improperly maintained and/or not properly sealed, raised, spaced or movable to allow accessibility for cleaning on all sides, above and underneath the unit.",Not Critical,43,,,6/6/16,Cycle Inspection / Reopening Inspection
50007366,9/17/15,Violations were cited in the following area(s).,04L,Evidence of mice or live mice present in facility's food and/or non-food areas.,Critical,19,B,9/17/15,6/6/16,Cycle Inspection / Re-inspection
50044517,5/4/16,Violations were cited in the following area(s).,04A,Food Protection Certificate not held by supervisor of food operations.,Critical,19,Not Yet Graded,3/23/16,6/6/16,Pre-permit (Operational) / Initial Inspection
41645211,6/10/13,Violations were cited in the following area(s).,02G,Cold food item held above 41_ F (smoked fish and reduced oxygen packaged foods above 38 ) except during necessary preparation.,Critical,34,C,6/10/13,6/6/16,Cycle Inspection / Re-inspection
40878590,5/31/16,Violations were cited in the following area(s).,10F,"Non-food contact surface improperly constructed. Unacceptable material used. Non-food contact surface or equipment improperly maintained and/or not properly sealed, raised, spaced or movable to allow accessibility for cleaning on all sides, above and underneath the unit.",Not Critical,11,A,5/31/16,6/6/16,Cycle Inspection / Initial Inspection
50002264,5/9/16,Violations were cited in the following area(s).,06D,"Food contact surface not properly washed, rinsed and sanitized after each use and following any activity when contamination may have occurred.",Critical,5,A,5/9/16,6/6/16,Cycle Inspection / Initial Inspection
50006609,3/18/15,Violations were cited in the following area(s).,04L,Evidence of mice or live mice present in facility's food and/or non-food areas.,Critical,29,A,11/7/14,6/6/16,Cycle Inspection / Initial Inspection
41548430,9/9/13,Violations were cited in the following area(s).,10F,"Non-food contact surface improperly constructed. Unacceptable material used. Non-food contact surface or equipment improperly maintained and/or not properly sealed, raised, spaced or movable to allow accessibility for cleaning on all sides, above and underneath the unit.",Not Critical,20,,,6/6/16,Cycle Inspection / Initial Inspection
40370167,7/22/13,Violations were cited in the following area(s).,20E,Letter Grade or Grade Pending card not conspicuously posted and visible to passersby.,Not Critical,22,,,6/6/16,Administrative Miscellaneous / Re-inspection
41569059,7/16/14,Violations were cited in the following area(s).,08A,Facility not vermin proof. Harborage or conditions conducive to attracting vermin to the premises and/or allowing vermin to exist.,Not Critical,13,A,10/28/15,6/6/16,Cycle Inspection / Initial Inspection
40995330,12/26/12,Violations were cited in the following area(s).,06D,"Food contact surface not properly washed, rinsed and sanitized after each use and following any activity when contamination may have occurred.",Critical,16,A,9/17/14,6/6/16,Cycle Inspection / Initial Inspection
40396126,6/8/15,Violations were cited in the following area(s).,10F,"Non-food contact surface improperly constructed. Unacceptable material used. Non-food contact surface or equipment improperly maintained and/or not properly sealed, raised, spaced or movable to allow accessibility for cleaning on all sides, above and underneath the unit.",Not Critical,12,A,6/8/15,6/6/16,Cycle Inspection / Initial Inspection
40661290,1/16/14,Violations were cited in the following area(s).,09C,Food contact surface not properly maintained.,Not Critical,10,A,1/16/14,6/6/16,Cycle Inspection / Re-inspection
50001233,9/18/13,Violations were cited in the following area(s).,06D,"Food contact surface not properly washed, rinsed and sanitized after each use and following any activity when contamination may have occurred.",Critical,26,B,9/30/14,6/6/16,Pre-permit (Operational) / Initial Inspection
41130782,6/4/16,Violations were cited in the following area(s).,08C,Pesticide use not in accordance with label or applicable laws. Prohibited chemical used/stored. Open bait station used.,Not Critical,7,A,6/4/16,6/6/16,Cycle Inspection / Initial Inspection
41140140,3/12/14,Violations were cited in the following area(s).,10F,"Non-food contact surface improperly constructed. Unacceptable material used. Non-food contact surface or equipment improperly maintained and/or not properly sealed, raised, spaced or movable to allow accessibility for cleaning on all sides, above and underneath the unit.",Not Critical,9,A,3/12/14,6/6/16,Cycle Inspection / Re-inspection
41541625,9/24/13,Establishment Closed by DOHMH.  Violations were cited in the following area(s) and those requiring immediate action were addressed.,04A,Food Protection Certificate not held by supervisor of food operations.,Critical,97,,,6/6/16,Cycle Inspection / Re-inspection
41475942,2/28/13,Violations were cited in the following area(s).,10H,Proper sanitization not provided for utensil ware washing operation.,Not Critical,7,A,2/28/13,6/6/16,Cycle Inspection / Re-inspection
41534659,5/16/15,Violations were cited in the following area(s).,10F,"Non-food contact surface improperly constructed. Unacceptable material used. Non-food contact surface or equipment improperly maintained and/or not properly sealed, raised, spaced or movable to allow accessibility for cleaning on all sides, above and underneath the unit.",Not Critical,28,,,6/6/16,Cycle Inspection / Initial Inspection
50012613,8/26/14,Violations were cited in the following area(s).,06A,Personal cleanliness inadequate. Outer garment soiled with possible contaminant.  Effective hair restraint not worn in an area where food is prepared.,Critical,21,A,4/18/15,6/6/16,Pre-permit (Operational) / Initial Inspection
41366534,3/10/14,Violations were cited in the following area(s).,10D,"Mechanical or natural ventilation system not provided, improperly installed, in disrepair and/or fails to prevent excessive build-up of grease, heat, steam condensation vapors, odors, smoke, and fumes.",Not Critical,9,A,3/10/14,6/6/16,Cycle Inspection / Re-inspection
41129069,7/30/13,Violations were cited in the following area(s).,08A,Facility not vermin proof. Harborage or conditions conducive to attracting vermin to the premises and/or allowing vermin to exist.,Not Critical,20,B,7/30/13,6/6/16,Cycle Inspection / Re-inspection
41549545,5/15/14,Violations were cited in the following area(s).,08A,Facility not vermin proof. Harborage or conditions conducive to attracting vermin to the premises and/or allowing vermin to exist.,Not Critical,24,B,5/15/14,6/6/16,Cycle Inspection / Re-inspection
41574167,6/10/15,Violations were cited in the following area(s).,02G,Cold food item held above 41_ F (smoked fish and reduced oxygen packaged foods above 38 ) except during necessary preparation.,Critical,25,B,6/10/15,6/6/16,Cycle Inspection / Re-inspection
41388841,3/26/15,Violations were cited in the following area(s).,02G,Cold food item held above 41_ F (smoked fish and reduced oxygen packaged foods above 38 ) except during necessary preparation.,Critical,26,A,3/18/16,6/6/16,Cycle Inspection / Initial Inspection
41403916,10/30/14,Violations were cited in the following area(s).,04M,Live roaches present in facility's food and/or non-food areas.,Critical,5,A,7/1/14,6/6/16,Cycle Inspection / Initial Inspection
41525010,3/3/16,Violations were cited in the following area(s).,10H,Proper sanitization not provided for utensil ware washing operation.,Not Critical,16,A,3/6/14,6/6/16,Cycle Inspection / Initial Inspection
50007898,8/6/14,Violations were cited in the following area(s).,02G,Cold food item held above 41_ F (smoked fish and reduced oxygen packaged foods above 38 ) except during necessary preparation.,Critical,26,A,5/30/14,6/6/16,Cycle Inspection / Initial Inspection
50036043,7/22/15,Violations were cited in the following area(s).,10H,Proper sanitization not provided for utensil ware washing operation.,Not Critical,12,A,7/22/15,6/6/16,Pre-permit (Operational) / Initial Inspection
50019131,12/10/15,Violations were cited in the following area(s).,05D,Hand washing facility not provided in or near food preparation area and toilet room. Hot and cold running water at adequate pressure to enable cleanliness of employees not provided at facility. Soap and an acceptable hand-drying device not provided.,Critical,37,,,6/6/16,Cycle Inspection / Initial Inspection
41671229,8/20/15,Violations were cited in the following area(s).,02G,Cold food item held above 41_ F (smoked fish and reduced oxygen packaged foods above 38 ) except during necessary preparation.,Critical,16,A,3/9/16,6/6/16,Cycle Inspection / Initial Inspection
41637387,8/24/13,Violations were cited in the following area(s).,06D,"Food contact surface not properly washed, rinsed and sanitized after each use and following any activity when contamination may have occurred.",Critical,22,Not Yet Graded,3/13/15,6/6/16,Cycle Inspection / Initial Inspection
41454471,4/2/16,Violations were cited in the following area(s).,08A,Facility not vermin proof. Harborage or conditions conducive to attracting vermin to the premises and/or allowing vermin to exist.,Not Critical,26,B,4/2/16,6/6/16,Cycle Inspection / Re-inspection
50003961,10/7/15,Establishment re-opened by DOHMH,10F,"Non-food contact surface improperly constructed. Unacceptable material used. Non-food contact surface or equipment improperly maintained and/or not properly sealed, raised, spaced or movable to allow accessibility for cleaning on all sides, above and underneath the unit.",Not Critical,2,Z,10/7/15,6/6/16,Cycle Inspection / Reopening Inspection
41475422,9/4/14,Violations were cited in the following area(s).,06D,"Food contact surface not properly washed, rinsed and sanitized after each use and following any activity when contamination may have occurred.",Critical,12,A,9/4/14,6/6/16,Cycle Inspection / Initial Inspection
50007925,5/21/14,Violations were cited in the following area(s).,10F,"Non-food contact surface improperly constructed. Unacceptable material used. Non-food contact surface or equipment improperly maintained and/or not properly sealed, raised, spaced or movable to allow accessibility for cleaning on all sides, above and underneath the unit.",Not Critical,9,A,5/21/14,6/6/16,Pre-permit (Operational) / Initial Inspection
41335396,5/14/13,Violations were cited in the following area(s).,08A,Facility not vermin proof. Harborage or conditions conducive to attracting vermin to the premises and/or allowing vermin to exist.,Not Critical,10,A,5/14/13,6/6/16,Cycle Inspection / Initial Inspection
41622588,5/16/13,Violations were cited in the following area(s).,16C,"Caloric content not posted on menus, menu boards or food tags, in a food service establishment that is 1 of 15 or more outlets operating the same type of business nationally under common ownership or control, or as a franchise or doing business under the same name, for each menu item that is served in portions, the size and content of which are standardized.",Not Critical,28,A,5/2/16,6/6/16,Calorie Posting / Re-inspection
40619303,2/25/13,Violations were cited in the following area(s).,10E,Accurate thermometer not provided in refrigerated or hot holding equipment.,Not Critical,11,A,2/25/13,6/6/16,Cycle Inspection / Initial Inspection
50001571,9/25/13,Violations were cited in the following area(s).,10B,Plumbing not properly installed or maintained; anti-siphonage or backflow prevention device not provided where required; equipment or floor not properly drained; sewage disposal system in disrepair or not functioning properly.,Not Critical,4,,,6/6/16,Pre-permit (Non-operational) / Initial Inspection
41705765,4/15/13,Violations were cited in the following area(s).,02G,Cold food item held above 41_ F (smoked fish and reduced oxygen packaged foods above 38 ) except during necessary preparation.,Critical,16,B,4/15/13,6/6/16,Pre-permit (Operational) / Re-inspection
41700634,7/24/13,Violations were cited in the following area(s).,10H,Proper sanitization not provided for utensil ware washing operation.,Not Critical,12,A,7/24/13,6/6/16,Cycle Inspection / Re-inspection
40656139,12/9/14,Violations were cited in the following area(s).,08A,Facility not vermin proof. Harborage or conditions conducive to attracting vermin to the premises and/or allowing vermin to exist.,Not Critical,13,A,12/9/14,6/6/16,Cycle Inspection / Re-inspection
50047202,3/14/16,Violations were cited in the following area(s).,08C,Pesticide use not in accordance with label or applicable laws. Prohibited chemical used/stored. Open bait station used.,Not Critical,11,Not Yet Graded,,6/6/16,Pre-permit (Non-operational) / Initial Inspection
41589950,6/15/13,No violations were recorded at the time of this inspection.,06E,"Sanitized equipment or utensil, including in-use food dispensing utensil, improperly used or stored.",Not Applicable,16,,,6/6/16,Administrative Miscellaneous / Re-inspection
41604026,5/15/13,Violations were cited in the following area(s).,10F,"Non-food contact surface improperly constructed. Unacceptable material used. Non-food contact surface or equipment improperly maintained and/or not properly sealed, raised, spaced or movable to allow accessibility for cleaning on all sides, above and underneath the unit.",Not Critical,12,A,5/15/13,6/6/16,Cycle Inspection / Initial Inspection
41156149,4/2/13,Violations were cited in the following area(s).,04L,Evidence of mice or live mice present in facility's food and/or non-food areas.,Critical,46,C,4/2/13,6/6/16,Cycle Inspection / Re-inspection
41068451,12/26/13,Violations were cited in the following area(s).,10E,Accurate thermometer not provided in refrigerated or hot holding equipment.,Not Critical,8,A,12/26/13,6/6/16,Cycle Inspection / Initial Inspection
41582797,3/12/13,Violations were cited in the following area(s).,04J,"Appropriately scaled metal stem-type thermometer or thermocouple not provided or used to evaluate temperatures of potentially hazardous foods during cooking, cooling, reheating and holding.",Critical,20,,,6/6/16,Cycle Inspection / Initial Inspection
40395505,1/4/14,Violations were cited in the following area(s).,04A,Food Protection Certificate not held by supervisor of food operations.,Critical,12,A,1/4/14,6/6/16,Cycle Inspection / Re-inspection
40525767,12/31/15,Violations were cited in the following area(s).,10B,Plumbing not properly installed or maintained; anti-siphonage or backflow prevention device not provided where required; equipment or floor not properly drained; sewage disposal system in disrepair or not functioning properly.,Not Critical,12,Not Yet Graded,4/30/15,6/6/16,Cycle Inspection / Initial Inspection
41599815,4/7/14,Violations were cited in the following area(s).,08A,Facility not vermin proof. Harborage or conditions conducive to attracting vermin to the premises and/or allowing vermin to exist.,Not Critical,19,B,4/7/14,6/6/16,Cycle Inspection / Re-inspection
41387239,9/17/13,Violations were cited in the following area(s).,09C,Food contact surface not properly maintained.,Not Critical,39,A,2/9/15,6/6/16,Cycle Inspection / Initial Inspection
41062281,4/20/15,Violations were cited in the following area(s).,04C,Food worker does not use proper utensil to eliminate bare hand contact with food that will not receive adequate additional heat treatment.,Critical,19,A,6/11/13,6/6/16,Cycle Inspection / Initial Inspection
50011728,8/25/15,Violations were cited in the following area(s).,15L,"Smoke free workplace smoking policy inadequate, not posted, not provided to employees.",Not Critical,7,A,2/17/15,6/6/16,Smoke-Free Air Act / Re-inspection
41394768,12/22/15,Violations were cited in the following area(s).,10B,Plumbing not properly installed or maintained; anti-siphonage or backflow prevention device not provided where required; equipment or floor not properly drained; sewage disposal system in disrepair or not functioning properly.,Not Critical,14,B,12/22/15,6/6/16,Cycle Inspection / Re-inspection
50033448,5/10/16,Violations were cited in the following area(s).,06D,"Food contact surface not properly washed, rinsed and sanitized after each use and following any activity when contamination may have occurred.",Critical,12,A,5/10/16,6/6/16,Cycle Inspection / Initial Inspection
40401504,11/7/13,Violations were cited in the following area(s).,04N,"Filth flies or food/refuse/sewage-associated (FRSA) flies present in facilitys food and/or non-food areas. Filth flies include house flies, little house flies, blow flies, bottle flies and flesh flies. Food/refuse/sewage-associated flies include fruit flies, drain flies and Phorid flies.",Critical,13,,,6/6/16,Cycle Inspection / Initial Inspection
41224979,4/16/13,Violations were cited in the following area(s).,04M,Live roaches present in facility's food and/or non-food areas.,Critical,28,B,12/20/13,6/6/16,Cycle Inspection / Initial Inspection
50045240,4/11/16,Violations were cited in the following area(s).,04L,Evidence of mice or live mice present in facility's food and/or non-food areas.,Critical,53,C,4/11/16,6/6/16,Pre-permit (Operational) / Re-inspection
40356151,5/14/16,Violations were cited in the following area(s).,04L,Evidence of mice or live mice present in facility's food and/or non-food areas.,Critical,10,A,5/14/16,6/6/16,Cycle Inspection / Initial Inspection
40907580,4/30/14,Violations were cited in the following area(s).,02G,Cold food item held above 41_ F (smoked fish and reduced oxygen packaged foods above 38 ) except during necessary preparation.,Critical,11,A,4/30/14,6/6/16,Cycle Inspection / Re-inspection
50014670,7/8/15,Violations were cited in the following area(s).,04N,"Filth flies or food/refuse/sewage-associated (FRSA) flies present in facilitys food and/or non-food areas. Filth flies include house flies, little house flies, blow flies, bottle flies and flesh flies. Food/refuse/sewage-associated flies include fruit flies, drain flies and Phorid flies.",Critical,18,B,7/8/15,6/6/16,Cycle Inspection / Re-inspection
41336560,7/23/14,Violations were cited in the following area(s).,10F,"Non-food contact surface improperly constructed. Unacceptable material used. Non-food contact surface or equipment improperly maintained and/or not properly sealed, raised, spaced or movable to allow accessibility for cleaning on all sides, above and underneath the unit.",Not Critical,7,A,7/23/14,6/6/16,Cycle Inspection / Initial Inspection
41061016,3/23/15,Violations were cited in the following area(s).,10F,"Non-food contact surface improperly constructed. Unacceptable material used. Non-food contact surface or equipment improperly maintained and/or not properly sealed, raised, spaced or movable to allow accessibility for cleaning on all sides, above and underneath the unit.",Not Critical,10,A,3/23/15,6/6/16,Cycle Inspection / Re-inspection
41454471,4/2/16,Violations were cited in the following area(s).,06A,Personal cleanliness inadequate. Outer garment soiled with possible contaminant.  Effective hair restraint not worn in an area where food is prepared.,Critical,26,B,4/2/16,6/6/16,Cycle Inspection / Re-inspection
41646824,4/16/15,Establishment Closed by DOHMH.  Violations were cited in the following area(s) and those requiring immediate action were addressed.,08A,Facility not vermin proof. Harborage or conditions conducive to attracting vermin to the premises and/or allowing vermin to exist.,Not Critical,53,A,4/9/13,6/6/16,Cycle Inspection / Initial Inspection
50041424,10/28/15,Violations were cited in the following area(s).,08A,Facility not vermin proof. Harborage or conditions conducive to attracting vermin to the premises and/or allowing vermin to exist.,Not Critical,10,A,10/28/15,6/6/16,Pre-permit (Operational) / Initial Inspection
50014170,10/7/15,Violations were cited in the following area(s).,04A,Food Protection Certificate not held by supervisor of food operations.,Critical,23,A,7/16/15,6/6/16,Cycle Inspection / Initial Inspection
41310853,9/26/14,Violations were cited in the following area(s).,02H,"Food not cooled by an approved method whereby the internal product temperature is reduced from 140_ F to 70_ F or less within 2 hours, and from 70_ F to 41_ F or less within 4 additional hours.",Critical,31,A,6/3/15,6/6/16,Cycle Inspection / Initial Inspection
40836365,5/14/13,Violations were cited in the following area(s).,08A,Facility not vermin proof. Harborage or conditions conducive to attracting vermin to the premises and/or allowing vermin to exist.,Not Critical,35,A,4/28/15,6/6/16,Cycle Inspection / Initial Inspection
41626094,12/30/14,Violations were cited in the following area(s).,04N,"Filth flies or food/refuse/sewage-associated (FRSA) flies present in facilitys food and/or non-food areas. Filth flies include house flies, little house flies, blow flies, bottle flies and flesh flies. Food/refuse/sewage-associated flies include fruit flies, drain flies and Phorid flies.",Critical,32,A,2/8/16,6/6/16,Cycle Inspection / Initial Inspection
41695668,1/16/13,Violations were cited in the following area(s).,06D,"Food contact surface not properly washed, rinsed and sanitized after each use and following any activity when contamination may have occurred.",Critical,25,A,8/15/14,6/6/16,Pre-permit (Operational) / Initial Inspection
41637516,4/20/15,Violations were cited in the following area(s).,04L,Evidence of mice or live mice present in facility's food and/or non-food areas.,Critical,23,,,6/6/16,Cycle Inspection / Initial Inspection
41707193,5/18/16,Violations were cited in the following area(s).,04N,"Filth flies or food/refuse/sewage-associated (FRSA) flies present in facilitys food and/or non-food areas. Filth flies include house flies, little house flies, blow flies, bottle flies and flesh flies. Food/refuse/sewage-associated flies include fruit flies, drain flies and Phorid flies.",Critical,25,A,6/30/15,6/6/16,Cycle Inspection / Initial Inspection
41161009,5/2/16,Violations were cited in the following area(s).,06C,"Food not protected from potential source of contamination during storage, preparation, transportation, display or service.",Critical,9,A,5/2/16,6/6/16,Cycle Inspection / Re-inspection
41716658,4/30/14,Violations were cited in the following area(s).,02G,Cold food item held above 41_ F (smoked fish and reduced oxygen packaged foods above 38 ) except during necessary preparation.,Critical,12,A,4/30/14,6/6/16,Cycle Inspection / Initial Inspection
41439298,2/1/16,Violations were cited in the following area(s).,04A,Food Protection Certificate not held by supervisor of food operations.,Critical,25,A,6/19/14,6/6/16,Cycle Inspection / Initial Inspection
50043100,12/15/15,Violations were cited in the following area(s).,05H,"No facilities available to wash, rinse and sanitize utensils and/or equipment.",Critical,35,B,11/13/12,6/6/16,Pre-permit (Operational) / Initial Inspection
41474862,4/2/16,Violations were cited in the following area(s).,02G,Cold food item held above 41_ F (smoked fish and reduced oxygen packaged foods above 38 ) except during necessary preparation.,Critical,22,A,12/2/13,6/6/16,Cycle Inspection / Initial Inspection
50001041,6/8/13,Violations were cited in the following area(s).,10F,"Non-food contact surface improperly constructed. Unacceptable material used. Non-food contact surface or equipment improperly maintained and/or not properly sealed, raised, spaced or movable to allow accessibility for cleaning on all sides, above and underneath the unit.",Not Critical,20,A,1/13/16,6/6/16,Pre-permit (Operational) / Initial Inspection
41276645,1/8/15,Violations were cited in the following area(s).,10F,"Non-food contact surface improperly constructed. Unacceptable material used. Non-food contact surface or equipment improperly maintained and/or not properly sealed, raised, spaced or movable to allow accessibility for cleaning on all sides, above and underneath the unit.",Not Critical,24,A,11/20/15,6/6/16,Cycle Inspection / Initial Inspection
41218096,1/31/13,Violations were cited in the following area(s).,09C,Food contact surface not properly maintained.,Not Critical,9,A,1/31/13,6/6/16,Cycle Inspection / Initial Inspection
40572494,7/23/13,Violations were cited in the following area(s).,08A,Facility not vermin proof. Harborage or conditions conducive to attracting vermin to the premises and/or allowing vermin to exist.,Not Critical,10,A,7/23/13,6/6/16,Cycle Inspection / Re-inspection
41670292,4/9/14,Violations were cited in the following area(s).,08A,Facility not vermin proof. Harborage or conditions conducive to attracting vermin to the premises and/or allowing vermin to exist.,Not Critical,9,A,4/9/14,6/6/16,Cycle Inspection / Re-inspection
41461512,12/3/13,Violations were cited in the following area(s).,04N,"Filth flies or food/refuse/sewage-associated (FRSA) flies present in facilitys food and/or non-food areas. Filth flies include house flies, little house flies, blow flies, bottle flies and flesh flies. Food/refuse/sewage-associated flies include fruit flies, drain flies and Phorid flies.",Critical,10,A,12/3/13,6/6/16,Cycle Inspection / Re-inspection
50005552,7/15/15,Violations were cited in the following area(s).,04K,Evidence of rats or live rats present in facility's food and/or non-food areas.,Critical,40,A,2/3/14,6/6/16,Cycle Inspection / Initial Inspection
40907580,5/23/13,Violations were cited in the following area(s).,02G,Cold food item held above 41_ F (smoked fish and reduced oxygen packaged foods above 38 ) except during necessary preparation.,Critical,22,A,12/26/12,6/6/16,Cycle Inspection / Initial Inspection
40424919,11/13/14,Violations were cited in the following area(s).,08A,Facility not vermin proof. Harborage or conditions conducive to attracting vermin to the premises and/or allowing vermin to exist.,Not Critical,20,A,9/3/13,6/6/16,Cycle Inspection / Initial Inspection
50004809,6/29/15,Violations were cited in the following area(s).,10B,Plumbing not properly installed or maintained; anti-siphonage or backflow prevention device not provided where required; equipment or floor not properly drained; sewage disposal system in disrepair or not functioning properly.,Not Critical,33,B,6/25/13,6/6/16,Cycle Inspection / Initial Inspection
50007145,7/7/14,Violations were cited in the following area(s).,20D,"Choking first aid poster not posted. Alcohol and pregnancy warning sign not posted. Resuscitation equipment: exhaled air resuscitation masks (adult & pediatric), latex gloves, sign not posted. Inspection report sign not posted.",Not Critical,12,A,1/7/16,6/6/16,Administrative Miscellaneous / Initial Inspection
50033734,4/29/15,Violations were cited in the following area(s).,10F,"Non-food contact surface improperly constructed. Unacceptable material used. Non-food contact surface or equipment improperly maintained and/or not properly sealed, raised, spaced or movable to allow accessibility for cleaning on all sides, above and underneath the unit.",Not Critical,9,A,4/29/15,6/6/16,Pre-permit (Operational) / Re-inspection
41628450,8/24/15,Violations were cited in the following area(s).,08A,Facility not vermin proof. Harborage or conditions conducive to attracting vermin to the premises and/or allowing vermin to exist.,Not Critical,13,A,8/24/15,6/6/16,Cycle Inspection / Re-inspection
40591202,5/13/16,Violations were cited in the following area(s).,06F,Wiping cloths soiled or not stored in sanitizing solution.,Critical,31,A,2/25/16,6/6/16,Cycle Inspection / Initial Inspection
41242943,10/21/15,Violations were cited in the following area(s).,10F,"Non-food contact surface improperly constructed. Unacceptable material used. Non-food contact surface or equipment improperly maintained and/or not properly sealed, raised, spaced or movable to allow accessibility for cleaning on all sides, above and underneath the unit.",Not Critical,5,A,10/21/15,6/6/16,Cycle Inspection / Initial Inspection
41460820,3/26/15,Violations were cited in the following area(s).,08A,Facility not vermin proof. Harborage or conditions conducive to attracting vermin to the premises and/or allowing vermin to exist.,Not Critical,11,A,3/26/15,6/6/16,Cycle Inspection / Re-inspection
41011076,9/4/13,Violations were cited in the following area(s).,06E,"Sanitized equipment or utensil, including in-use food dispensing utensil, improperly used or stored.",Critical,18,B,9/4/13,6/6/16,Cycle Inspection / Re-inspection
40395200,9/2/14,Violations were cited in the following area(s).,06D,"Food contact surface not properly washed, rinsed and sanitized after each use and following any activity when contamination may have occurred.",Critical,8,A,9/2/14,6/6/16,Cycle Inspection / Re-inspection
41126055,10/8/14,Violations were cited in the following area(s).,08A,Facility not vermin proof. Harborage or conditions conducive to attracting vermin to the premises and/or allowing vermin to exist.,Not Critical,19,B,2/20/14,6/6/16,Cycle Inspection / Initial Inspection
50042923,5/24/16,Violations were cited in the following area(s).,06A,Personal cleanliness inadequate. Outer garment soiled with possible contaminant.  Effective hair restraint not worn in an area where food is prepared.,Critical,9,A,5/24/16,6/6/16,Cycle Inspection / Initial Inspection
41707702,5/2/13,Establishment Closed by DOHMH.  Violations were cited in the following area(s) and those requiring immediate action were addressed.,05D,Hand washing facility not provided in or near food preparation area and toilet room. Hot and cold running water at adequate pressure to enable cleanliness of employees not provided at facility. Soap and an acceptable hand-drying device not provided.,Critical,42,,,6/6/16,Pre-permit (Operational) / Compliance Inspection
50005654,11/25/15,Violations were cited in the following area(s).,04N,"Filth flies or food/refuse/sewage-associated (FRSA) flies present in facilitys food and/or non-food areas. Filth flies include house flies, little house flies, blow flies, bottle flies and flesh flies. Food/refuse/sewage-associated flies include fruit flies, drain flies and Phorid flies.",Critical,21,,,6/6/16,Cycle Inspection / Initial Inspection
50000088,5/24/16,Violations were cited in the following area(s).,06A,Personal cleanliness inadequate. Outer garment soiled with possible contaminant.  Effective hair restraint not worn in an area where food is prepared.,Critical,11,A,5/24/16,6/6/16,Cycle Inspection / Initial Inspection
41174075,12/12/14,Establishment Closed by DOHMH.  Violations were cited in the following area(s) and those requiring immediate action were addressed.,08C,Pesticide use not in accordance with label or applicable laws. Prohibited chemical used/stored. Open bait station used.,Not Critical,50,A,12/3/13,6/6/16,Cycle Inspection / Initial Inspection
50000910,1/5/15,Violations were cited in the following area(s).,10A,"Toilet facility not maintained and provided with toilet paper, waste receptacle and self-closing door.",Not Critical,11,A,1/5/15,6/6/16,Cycle Inspection / Re-inspection
41635173,3/24/15,Violations were cited in the following area(s).,06F,Wiping cloths soiled or not stored in sanitizing solution.,Critical,23,,,6/6/16,Cycle Inspection / Initial Inspection
41689246,9/4/15,Violations were cited in the following area(s).,08A,Facility not vermin proof. Harborage or conditions conducive to attracting vermin to the premises and/or allowing vermin to exist.,Not Critical,30,B,4/10/13,6/6/16,Cycle Inspection / Initial Inspection
41483197,9/24/14,Violations were cited in the following area(s).,08C,Pesticide use not in accordance with label or applicable laws. Prohibited chemical used/stored. Open bait station used.,Not Critical,8,A,9/24/14,6/6/16,Cycle Inspection / Re-inspection
41321686,3/17/14,Violations were cited in the following area(s).,06F,Wiping cloths soiled or not stored in sanitizing solution.,Critical,38,A,8/11/14,6/6/16,Cycle Inspection / Initial Inspection
41704249,9/17/14,Violations were cited in the following area(s).,08A,Facility not vermin proof. Harborage or conditions conducive to attracting vermin to the premises and/or allowing vermin to exist.,Not Critical,30,,,6/6/16,Cycle Inspection / Initial Inspection
41103064,5/29/13,Violations were cited in the following area(s).,06D,"Food contact surface not properly washed, rinsed and sanitized after each use and following any activity when contamination may have occurred.",Critical,13,A,5/29/13,6/6/16,Cycle Inspection / Re-inspection
41262497,4/17/14,Violations were cited in the following area(s).,02G,Cold food item held above 41_ F (smoked fish and reduced oxygen packaged foods above 38 ) except during necessary preparation.,Critical,19,C,1/28/16,6/6/16,Cycle Inspection / Initial Inspection
41617898,4/9/13,Violations were cited in the following area(s).,08A,Facility not vermin proof. Harborage or conditions conducive to attracting vermin to the premises and/or allowing vermin to exist.,Not Critical,11,A,4/9/13,6/6/16,Cycle Inspection / Re-inspection
50001763,3/4/16,Violations were cited in the following area(s).,06F,Wiping cloths soiled or not stored in sanitizing solution.,Critical,9,A,3/4/16,6/6/16,Cycle Inspection / Re-inspection
40731196,6/24/14,Violations were cited in the following area(s).,02G,Cold food item held above 41_ F (smoked fish and reduced oxygen packaged foods above 38 ) except during necessary preparation.,Critical,8,A,6/24/14,6/6/16,Cycle Inspection / Re-inspection
40535409,7/24/13,Violations were cited in the following area(s).,02G,Cold food item held above 41_ F (smoked fish and reduced oxygen packaged foods above 38 ) except during necessary preparation.,Critical,12,B,7/9/13,6/6/16,Cycle Inspection / Initial Inspection
50006235,1/14/16,Violations were cited in the following area(s).,20F,Current letter grade card not posted.,Not Critical,19,B,5/1/13,6/6/16,Administrative Miscellaneous / Initial Inspection
40936994,5/23/13,Violations were cited in the following area(s).,10F,"Non-food contact surface improperly constructed. Unacceptable material used. Non-food contact surface or equipment improperly maintained and/or not properly sealed, raised, spaced or movable to allow accessibility for cleaning on all sides, above and underneath the unit.",Not Critical,2,A,5/23/13,6/6/16,Cycle Inspection / Initial Inspection
41673897,9/1/12,Violations were cited in the following area(s).,10H,Proper sanitization not provided for utensil ware washing operation.,Not Critical,28,,,6/6/16,Pre-permit (Operational) / Initial Inspection
41108999,5/10/16,Violations were cited in the following area(s).,10H,Proper sanitization not provided for utensil ware washing operation.,Not Critical,23,A,11/1/13,6/6/16,Cycle Inspection / Initial Inspection
50001484,9/7/13,Violations were cited in the following area(s).,04H,"Raw, cooked or prepared food is adulterated, contaminated, cross-contaminated, or not discarded in accordance with HACCP plan.",Critical,25,B,11/20/13,6/6/16,Pre-permit (Operational) / Initial Inspection
41309951,1/8/14,Violations were cited in the following area(s).,06A,Personal cleanliness inadequate. Outer garment soiled with possible contaminant.  Effective hair restraint not worn in an area where food is prepared.,Critical,29,A,12/17/14,6/6/16,Cycle Inspection / Initial Inspection
50002690,12/13/14,Violations were cited in the following area(s).,06F,Wiping cloths soiled or not stored in sanitizing solution.,Critical,20,A,3/18/16,6/6/16,Cycle Inspection / Initial Inspection
40684961,11/9/15,Violations were cited in the following area(s).,10H,Proper sanitization not provided for utensil ware washing operation.,Not Critical,26,B,11/9/15,6/6/16,Cycle Inspection / Re-inspection
41651300,8/18/15,Violations were cited in the following area(s).,08A,Facility not vermin proof. Harborage or conditions conducive to attracting vermin to the premises and/or allowing vermin to exist.,Not Critical,35,C,8/18/15,6/6/16,Cycle Inspection / Re-inspection
50011938,7/21/14,Violations were cited in the following area(s).,06C,"Food not protected from potential source of contamination during storage, preparation, transportation, display or service.",Critical,51,B,10/15/15,6/6/16,Pre-permit (Operational) / Initial Inspection
50010990,6/23/14,Violations were cited in the following area(s).,04J,"Appropriately scaled metal stem-type thermometer or thermocouple not provided or used to evaluate temperatures of potentially hazardous foods during cooking, cooling, reheating and holding.",Critical,20,B,8/15/13,6/6/16,Pre-permit (Operational) / Initial Inspection
41353218,7/29/13,Violations were cited in the following area(s).,10D,"Mechanical or natural ventilation system not provided, improperly installed, in disrepair and/or fails to prevent excessive build-up of grease, heat, steam condensation vapors, odors, smoke, and fumes.",Not Critical,13,,,6/6/16,Cycle Inspection / Initial Inspection
40423830,4/16/14,Violations were cited in the following area(s).,04L,Evidence of mice or live mice present in facility's food and/or non-food areas.,Critical,28,,,6/6/16,Cycle Inspection / Initial Inspection
41009780,9/2/15,Violations were cited in the following area(s).,02G,Cold food item held above 41_ F (smoked fish and reduced oxygen packaged foods above 38 ) except during necessary preparation.,Critical,24,,,6/6/16,Cycle Inspection / Initial Inspection
41291292,12/9/13,Violations were cited in the following area(s).,22C,"Bulb not shielded or shatterproof, in areas where there is extreme heat, temperature changes, or where accidental contact may occur.",Not Critical,24,,,6/6/16,Administrative Miscellaneous / Initial Inspection
40700664,9/30/13,Violations were cited in the following area(s).,08A,Facility not vermin proof. Harborage or conditions conducive to attracting vermin to the premises and/or allowing vermin to exist.,Not Critical,17,B,9/30/13,6/6/16,Cycle Inspection / Re-inspection
40889924,3/18/13,Violations were cited in the following area(s).,10F,"Non-food contact surface improperly constructed. Unacceptable material used. Non-food contact surface or equipment improperly maintained and/or not properly sealed, raised, spaced or movable to allow accessibility for cleaning on all sides, above and underneath the unit.",Not Critical,9,A,3/18/13,6/6/16,Cycle Inspection / Initial Inspection
41588301,8/8/13,Violations were cited in the following area(s).,02G,Cold food item held above 41_ F (smoked fish and reduced oxygen packaged foods above 38 ) except during necessary preparation.,Critical,12,A,8/8/13,6/6/16,Cycle Inspection / Initial Inspection
50006106,10/14/14,Violations were cited in the following area(s).,02B,Hot food item not held at or above 140_ F.,Critical,7,A,10/14/14,6/6/16,Cycle Inspection / Re-inspection
41460023,5/22/15,No violations were recorded at the time of this inspection.,02B,Hot food item not held at or above 140_ F.,Not Applicable,31,,,6/6/16,Trans Fat / Re-inspection
50034996,8/4/15,Violations were cited in the following area(s).,22B,Toilet facility used by women does not have at least one covered garbage receptacle.,Not Critical,21,B,8/14/13,6/6/16,Administrative Miscellaneous / Initial Inspection
41384201,4/2/15,Violations were cited in the following area(s).,10F,"Non-food contact surface improperly constructed. Unacceptable material used. Non-food contact surface or equipment improperly maintained and/or not properly sealed, raised, spaced or movable to allow accessibility for cleaning on all sides, above and underneath the unit.",Not Critical,9,A,4/2/15,6/6/16,Cycle Inspection / Initial Inspection
40745681,3/1/16,Violations were cited in the following area(s).,06A,Personal cleanliness inadequate. Outer garment soiled with possible contaminant.  Effective hair restraint not worn in an area where food is prepared.,Critical,25,,,6/6/16,Cycle Inspection / Initial Inspection
41710298,2/18/15,Violations were cited in the following area(s).,04C,Food worker does not use proper utensil to eliminate bare hand contact with food that will not receive adequate additional heat treatment.,Critical,11,A,2/18/15,6/6/16,Cycle Inspection / Initial Inspection
50012056,11/28/14,Violations were cited in the following area(s).,22C,"Bulb not shielded or shatterproof, in areas where there is extreme heat, temperature changes, or where accidental contact may occur.",Not Critical,21,A,3/17/14,6/6/16,Administrative Miscellaneous / Initial Inspection
41118839,12/30/14,Violations were cited in the following area(s).,02G,Cold food item held above 41_ F (smoked fish and reduced oxygen packaged foods above 38 ) except during necessary preparation.,Critical,17,A,1/11/13,6/6/16,Cycle Inspection / Initial Inspection
41324657,10/7/15,Violations were cited in the following area(s).,10F,"Non-food contact surface improperly constructed. Unacceptable material used. Non-food contact surface or equipment improperly maintained and/or not properly sealed, raised, spaced or movable to allow accessibility for cleaning on all sides, above and underneath the unit.",Not Critical,13,A,10/7/15,6/6/16,Cycle Inspection / Initial Inspection
41615445,7/27/15,Violations were cited in the following area(s).,10F,"Non-food contact surface improperly constructed. Unacceptable material used. Non-food contact surface or equipment improperly maintained and/or not properly sealed, raised, spaced or movable to allow accessibility for cleaning on all sides, above and underneath the unit.",Not Critical,17,,,6/6/16,Cycle Inspection / Initial Inspection
41186947,4/27/15,Violations were cited in the following area(s).,02G,Cold food item held above 41_ F (smoked fish and reduced oxygen packaged foods above 38 ) except during necessary preparation.,Critical,19,,,6/6/16,Cycle Inspection / Initial Inspection
50000268,5/15/13,Violations were cited in the following area(s).,10F,"Non-food contact surface improperly constructed. Unacceptable material used. Non-food contact surface or equipment improperly maintained and/or not properly sealed, raised, spaced or movable to allow accessibility for cleaning on all sides, above and underneath the unit.",Not Critical,5,,,6/6/16,Pre-permit (Non-operational) / Initial Inspection
41416561,8/6/15,Violations were cited in the following area(s).,04L,Evidence of mice or live mice present in facility's food and/or non-food areas.,Critical,44,A,4/26/16,6/6/16,Cycle Inspection / Initial Inspection
41636886,2/24/16,Violations were cited in the following area(s).,15L,"Smoke free workplace smoking policy inadequate, not posted, not provided to employees.",Not Critical,24,,,6/6/16,Smoke-Free Air Act / Initial Inspection
50033431,9/16/15,Establishment Closed by DOHMH.  Violations were cited in the following area(s) and those requiring immediate action were addressed.,05D,Hand washing facility not provided in or near food preparation area and toilet room. Hot and cold running water at adequate pressure to enable cleanliness of employees not provided at facility. Soap and an acceptable hand-drying device not provided.,Critical,64,A,8/10/13,6/6/16,Cycle Inspection / Initial Inspection
50001880,9/28/15,Violations were cited in the following area(s).,10F,"Non-food contact surface improperly constructed. Unacceptable material used. Non-food contact surface or equipment improperly maintained and/or not properly sealed, raised, spaced or movable to allow accessibility for cleaning on all sides, above and underneath the unit.",Not Critical,39,,,6/6/16,Cycle Inspection / Initial Inspection
50010850,6/24/14,Violations were cited in the following area(s).,10F,"Non-food contact surface improperly constructed. Unacceptable material used. Non-food contact surface or equipment improperly maintained and/or not properly sealed, raised, spaced or movable to allow accessibility for cleaning on all sides, above and underneath the unit.",Not Critical,7,A,6/24/14,6/6/16,Pre-permit (Operational) / Initial Inspection
41669112,5/1/13,Violations were cited in the following area(s).,06E,"Sanitized equipment or utensil, including in-use food dispensing utensil, improperly used or stored.",Critical,24,B,5/1/13,6/6/16,Cycle Inspection / Re-inspection
50010039,11/6/14,Establishment Closed by DOHMH.  Violations were cited in the following area(s) and those requiring immediate action were addressed.,04M,Live roaches present in facility's food and/or non-food areas.,Critical,53,B,2/13/15,6/6/16,Cycle Inspection / Initial Inspection
41221190,11/21/13,Violations were cited in the following area(s).,10F,"Non-food contact surface improperly constructed. Unacceptable material used. Non-food contact surface or equipment improperly maintained and/or not properly sealed, raised, spaced or movable to allow accessibility for cleaning on all sides, above and underneath the unit.",Not Critical,12,A,11/21/13,6/6/16,Cycle Inspection / Re-inspection
41004618,3/26/15,Violations were cited in the following area(s).,06F,Wiping cloths soiled or not stored in sanitizing solution.,Critical,19,B,6/23/14,6/6/16,Cycle Inspection / Initial Inspection
50004422,7/7/14,Violations were cited in the following area(s).,04N,"Filth flies or food/refuse/sewage-associated (FRSA) flies present in facilitys food and/or non-food areas. Filth flies include house flies, little house flies, blow flies, bottle flies and flesh flies. Food/refuse/sewage-associated flies include fruit flies, drain flies and Phorid flies.",Critical,15,,,6/6/16,Cycle Inspection / Initial Inspection
41337035,12/11/12,Violations were cited in the following area(s).,10H,Proper sanitization not provided for utensil ware washing operation.,Not Critical,13,A,12/11/12,6/6/16,Cycle Inspection / Initial Inspection
41204971,3/29/13,Violations were cited in the following area(s).,10F,"Non-food contact surface improperly constructed. Unacceptable material used. Non-food contact surface or equipment improperly maintained and/or not properly sealed, raised, spaced or movable to allow accessibility for cleaning on all sides, above and underneath the unit.",Not Critical,14,,,6/6/16,Cycle Inspection / Compliance Inspection
40738177,7/15/14,Violations were cited in the following area(s).,06D,"Food contact surface not properly washed, rinsed and sanitized after each use and following any activity when contamination may have occurred.",Critical,10,A,7/15/14,6/6/16,Cycle Inspection / Initial Inspection
40391121,5/9/16,Violations were cited in the following area(s).,10F,"Non-food contact surface improperly constructed. Unacceptable material used. Non-food contact surface or equipment improperly maintained and/or not properly sealed, raised, spaced or movable to allow accessibility for cleaning on all sides, above and underneath the unit.",Not Critical,19,A,12/12/14,6/6/16,Cycle Inspection / Initial Inspection
41546344,12/11/14,Violations were cited in the following area(s).,05D,Hand washing facility not provided in or near food preparation area and toilet room. Hot and cold running water at adequate pressure to enable cleanliness of employees not provided at facility. Soap and an acceptable hand-drying device not provided.,Critical,12,A,12/8/15,6/6/16,Cycle Inspection / Initial Inspection
50002440,10/5/15,Violations were cited in the following area(s).,04A,Food Protection Certificate not held by supervisor of food operations.,Critical,20,A,8/6/15,6/6/16,Cycle Inspection / Initial Inspection
40954549,8/25/15,Violations were cited in the following area(s).,10F,"Non-food contact surface improperly constructed. Unacceptable material used. Non-food contact surface or equipment improperly maintained and/or not properly sealed, raised, spaced or movable to allow accessibility for cleaning on all sides, above and underneath the unit.",Not Critical,7,A,8/25/15,6/6/16,Cycle Inspection / Initial Inspection
50033276,4/15/15,Violations were cited in the following area(s).,02G,Cold food item held above 41_ F (smoked fish and reduced oxygen packaged foods above 38 ) except during necessary preparation.,Critical,7,A,4/15/15,6/6/16,Pre-permit (Operational) / Initial Inspection
41579300,11/12/14,Violations were cited in the following area(s).,04L,Evidence of mice or live mice present in facility's food and/or non-food areas.,Critical,42,A,5/8/14,6/6/16,Cycle Inspection / Initial Inspection
41653501,7/20/13,Violations were cited in the following area(s).,10J,''''Wash hands sign not posted at hand wash facility.,Not Critical,22,B,7/20/13,6/6/16,Cycle Inspection / Re-inspection
50002599,11/15/13,Violations were cited in the following area(s).,04C,Food worker does not use proper utensil to eliminate bare hand contact with food that will not receive adequate additional heat treatment.,Critical,29,C,5/9/15,6/6/16,Pre-permit (Operational) / Initial Inspection
41444147,8/17/15,Violations were cited in the following area(s).,10F,"Non-food contact surface improperly constructed. Unacceptable material used. Non-food contact surface or equipment improperly maintained and/or not properly sealed, raised, spaced or movable to allow accessibility for cleaning on all sides, above and underneath the unit.",Not Critical,12,A,8/17/15,6/6/16,Cycle Inspection / Initial Inspection
41229234,10/15/13,Violations were cited in the following area(s).,08C,Pesticide use not in accordance with label or applicable laws. Prohibited chemical used/stored. Open bait station used.,Not Critical,63,A,4/9/14,6/6/16,Cycle Inspection / Initial Inspection
40378212,3/7/14,Violations were cited in the following area(s).,06C,"Food not protected from potential source of contamination during storage, preparation, transportation, display or service.",Critical,25,A,2/28/13,6/6/16,Cycle Inspection / Initial Inspection
50009480,6/12/14,Violations were cited in the following area(s).,10F,"Non-food contact surface improperly constructed. Unacceptable material used. Non-food contact surface or equipment improperly maintained and/or not properly sealed, raised, spaced or movable to allow accessibility for cleaning on all sides, above and underneath the unit.",Not Critical,10,A,6/12/14,6/6/16,Pre-permit (Operational) / Initial Inspection
41538907,10/3/13,Violations were cited in the following area(s).,04H,"Raw, cooked or prepared food is adulterated, contaminated, cross-contaminated, or not discarded in accordance with HACCP plan.",Critical,21,B,6/30/15,6/6/16,Cycle Inspection / Initial Inspection
40572960,11/12/14,Violations were cited in the following area(s).,04M,Live roaches present in facility's food and/or non-food areas.,Critical,33,C,11/12/14,6/6/16,Cycle Inspection / Re-inspection
41257023,6/23/15,Violations were cited in the following area(s).,06A,Personal cleanliness inadequate. Outer garment soiled with possible contaminant.  Effective hair restraint not worn in an area where food is prepared.,Critical,17,A,2/8/16,6/6/16,Cycle Inspection / Initial Inspection
41621032,12/19/13,Violations were cited in the following area(s).,04L,Evidence of mice or live mice present in facility's food and/or non-food areas.,Critical,14,A,5/21/16,6/6/16,Cycle Inspection / Initial Inspection
41506985,7/20/15,Violations were cited in the following area(s).,02B,Hot food item not held at or above 140_ F.,Critical,30,,,6/6/16,Cycle Inspection / Initial Inspection
50041166,9/9/15,Violations were cited in the following area(s).,04K,Evidence of rats or live rats present in facility's food and/or non-food areas.,Critical,10,,,6/6/16,Pre-permit (Non-operational) / Re-inspection
40716118,9/17/15,Violations were cited in the following area(s).,20F,Current letter grade card not posted.,Not Critical,9,A,6/4/14,6/6/16,Administrative Miscellaneous / Initial Inspection
41128669,4/28/15,Violations were cited in the following area(s).,06D,"Food contact surface not properly washed, rinsed and sanitized after each use and following any activity when contamination may have occurred.",Critical,17,B,9/17/12,6/6/16,Cycle Inspection / Initial Inspection
41405086,6/9/15,Violations were cited in the following area(s).,02G,Cold food item held above 41_ F (smoked fish and reduced oxygen packaged foods above 38 ) except during necessary preparation.,Critical,9,A,6/9/15,6/6/16,Cycle Inspection / Initial Inspection
50001565,5/20/16,Violations were cited in the following area(s).,06C,"Food not protected from potential source of contamination during storage, preparation, transportation, display or service.",Critical,5,A,5/20/16,6/6/16,Cycle Inspection / Initial Inspection
50003618,11/13/13,Violations were cited in the following area(s).,04J,"Appropriately scaled metal stem-type thermometer or thermocouple not provided or used to evaluate temperatures of potentially hazardous foods during cooking, cooling, reheating and holding.",Critical,19,B,3/4/13,6/6/16,Pre-permit (Operational) / Initial Inspection
40610326,10/24/12,Violations were cited in the following area(s).,04N,"Filth flies or food/refuse/sewage-associated (FRSA) flies present in facilitys food and/or non-food areas. Filth flies include house flies, little house flies, blow flies, bottle flies and flesh flies. Food/refuse/sewage-associated flies include fruit flies, drain flies and Phorid flies.",Critical,13,A,10/24/12,6/6/16,Cycle Inspection / Re-inspection
40821987,12/8/14,Establishment Closed by DOHMH.  Violations were cited in the following area(s) and those requiring immediate action were addressed.,04M,Live roaches present in facility's food and/or non-food areas.,Critical,43,,,6/6/16,Cycle Inspection / Initial Inspection
41067699,4/10/13,Violations were cited in the following area(s).,04A,Food Protection Certificate not held by supervisor of food operations.,Critical,22,,,6/6/16,Cycle Inspection / Initial Inspection
41660757,7/26/14,Violations were cited in the following area(s).,16B,"The original nutritional fact labels and/or ingredient label for a cooking oil, shortening or margarine or food item sold in bulk, or acceptable manufacturers documentation not maintained on site.",Not Critical,30,,,6/6/16,Trans Fat / Initial Inspection
40386528,5/31/13,Violations were cited in the following area(s).,04H,"Raw, cooked or prepared food is adulterated, contaminated, cross-contaminated, or not discarded in accordance with HACCP plan.",Critical,53,A,5/14/14,6/6/16,Cycle Inspection / Initial Inspection
40604400,10/15/15,No violations were recorded at the time of this inspection.,02B,Hot food item not held at or above 140_ F.,Not Applicable,14,A,4/16/15,6/6/16,Trans Fat / Compliance Inspection
40590237,1/4/14,Violations were cited in the following area(s).,20D,"Choking first aid poster not posted. Alcohol and pregnancy warning sign not posted. Resuscitation equipment: exhaled air resuscitation masks (adult & pediatric), latex gloves, sign not posted. Inspection report sign not posted.",Not Critical,7,A,6/5/15,6/6/16,Administrative Miscellaneous / Initial Inspection
41378125,4/8/15,Violations were cited in the following area(s).,02B,Hot food item not held at or above 140_ F.,Critical,39,A,10/21/15,6/6/16,Cycle Inspection / Initial Inspection
40425023,8/7/14,Violations were cited in the following area(s).,02G,Cold food item held above 41_ F (smoked fish and reduced oxygen packaged foods above 38 ) except during necessary preparation.,Critical,42,,,6/6/16,Cycle Inspection / Initial Inspection
41433510,5/29/16,No violations were recorded at the time of this inspection.,06C,"Food not protected from potential source of contamination during storage, preparation, transportation, display or service.",Not Applicable,0,A,10/1/15,6/6/16,Inter-Agency Task Force / Initial Inspection
50005446,1/15/15,Violations were cited in the following area(s).,08A,Facility not vermin proof. Harborage or conditions conducive to attracting vermin to the premises and/or allowing vermin to exist.,Not Critical,20,A,5/14/15,6/6/16,Cycle Inspection / Initial Inspection
41642704,4/17/16,Violations were cited in the following area(s).,06C,"Food not protected from potential source of contamination during storage, preparation, transportation, display or service.",Critical,7,A,4/17/16,6/6/16,Cycle Inspection / Initial Inspection
41395881,12/30/14,Violations were cited in the following area(s).,06E,"Sanitized equipment or utensil, including in-use food dispensing utensil, improperly used or stored.",Critical,5,A,12/30/14,6/6/16,Cycle Inspection / Initial Inspection
41486124,12/11/14,Violations were cited in the following area(s).,08A,Facility not vermin proof. Harborage or conditions conducive to attracting vermin to the premises and/or allowing vermin to exist.,Not Critical,25,B,12/11/14,6/6/16,Cycle Inspection / Re-inspection
41277832,11/29/13,Violations were cited in the following area(s).,10F,"Non-food contact surface improperly constructed. Unacceptable material used. Non-food contact surface or equipment improperly maintained and/or not properly sealed, raised, spaced or movable to allow accessibility for cleaning on all sides, above and underneath the unit.",Not Critical,5,A,11/29/13,6/6/16,Cycle Inspection / Initial Inspection
41644679,10/3/13,Violations were cited in the following area(s).,06E,"Sanitized equipment or utensil, including in-use food dispensing utensil, improperly used or stored.",Critical,20,B,5/21/15,6/6/16,Cycle Inspection / Initial Inspection
41680240,2/4/15,Violations were cited in the following area(s).,02B,Hot food item not held at or above 140_ F.,Critical,12,A,2/4/15,6/6/16,Cycle Inspection / Initial Inspection
50003666,5/2/16,Violations were cited in the following area(s).,08A,Facility not vermin proof. Harborage or conditions conducive to attracting vermin to the premises and/or allowing vermin to exist.,Not Critical,18,B,5/2/16,6/6/16,Cycle Inspection / Re-inspection
40933229,12/30/13,Violations were cited in the following area(s).,10F,"Non-food contact surface improperly constructed. Unacceptable material used. Non-food contact surface or equipment improperly maintained and/or not properly sealed, raised, spaced or movable to allow accessibility for cleaning on all sides, above and underneath the unit.",Not Critical,28,A,12/5/14,6/6/16,Cycle Inspection / Initial Inspection
41705628,8/29/13,Violations were cited in the following area(s).,02G,Cold food item held above 41_ F (smoked fish and reduced oxygen packaged foods above 38 ) except during necessary preparation.,Critical,17,B,8/29/13,6/6/16,Cycle Inspection / Re-inspection
40847914,12/31/13,Violations were cited in the following area(s).,02G,Cold food item held above 41_ F (smoked fish and reduced oxygen packaged foods above 38 ) except during necessary preparation.,Critical,9,A,12/31/13,6/6/16,Cycle Inspection / Initial Inspection
41307517,4/8/15,Violations were cited in the following area(s).,10F,"Non-food contact surface improperly constructed. Unacceptable material used. Non-food contact surface or equipment improperly maintained and/or not properly sealed, raised, spaced or movable to allow accessibility for cleaning on all sides, above and underneath the unit.",Not Critical,10,A,4/8/15,6/6/16,Cycle Inspection / Initial Inspection
41576485,7/24/15,Violations were cited in the following area(s).,08A,Facility not vermin proof. Harborage or conditions conducive to attracting vermin to the premises and/or allowing vermin to exist.,Not Critical,12,A,7/24/15,6/6/16,Cycle Inspection / Re-inspection
40397962,11/12/13,Violations were cited in the following area(s).,10D,"Mechanical or natural ventilation system not provided, improperly installed, in disrepair and/or fails to prevent excessive build-up of grease, heat, steam condensation vapors, odors, smoke, and fumes.",Not Critical,59,B,9/24/13,6/6/16,Cycle Inspection / Initial Inspection
50006145,9/2/15,Violations were cited in the following area(s).,15J,Ashtray present in smoke-free area.,Not Critical,24,A,7/14/14,6/6/16,Smoke-Free Air Act / Initial Inspection
50002615,1/14/16,Violations were cited in the following area(s).,10I,"Single service item reused, improperly stored, dispensed; not used when required.",Not Critical,14,B,1/14/16,6/6/16,Cycle Inspection / Re-inspection
40839260,6/21/13,Violations were cited in the following area(s).,22A,"Nuisance created or allowed to exist. Facility not free from unsafe, hazardous, offensive or annoying conditions.",Not Critical,22,A,5/15/14,6/6/16,Administrative Miscellaneous / Initial Inspection
40399329,9/15/14,Violations were cited in the following area(s).,04L,Evidence of mice or live mice present in facility's food and/or non-food areas.,Critical,11,A,9/15/14,6/6/16,Cycle Inspection / Re-inspection
41435196,9/26/13,Violations were cited in the following area(s).,04N,"Filth flies or food/refuse/sewage-associated (FRSA) flies present in facilitys food and/or non-food areas. Filth flies include house flies, little house flies, blow flies, bottle flies and flesh flies. Food/refuse/sewage-associated flies include fruit flies, drain flies and Phorid flies.",Critical,41,,,6/6/16,Cycle Inspection / Initial Inspection
50034049,5/19/16,Violations were cited in the following area(s).,08A,Facility not vermin proof. Harborage or conditions conducive to attracting vermin to the premises and/or allowing vermin to exist.,Not Critical,12,A,5/19/16,6/6/16,Cycle Inspection / Initial Inspection
41355046,3/11/15,Violations were cited in the following area(s).,06C,"Food not protected from potential source of contamination during storage, preparation, transportation, display or service.",Critical,18,A,6/1/16,6/6/16,Cycle Inspection / Initial Inspection
50039880,9/22/15,Violations were cited in the following area(s).,04H,"Raw, cooked or prepared food is adulterated, contaminated, cross-contaminated, or not discarded in accordance with HACCP plan.",Critical,10,A,9/22/15,6/6/16,Pre-permit (Operational) / Re-inspection
41629000,2/4/15,Violations were cited in the following area(s).,02G,Cold food item held above 41_ F (smoked fish and reduced oxygen packaged foods above 38 ) except during necessary preparation.,Critical,7,A,2/4/15,6/6/16,Cycle Inspection / Initial Inspection
40381210,2/8/14,Violations were cited in the following area(s).,08A,Facility not vermin proof. Harborage or conditions conducive to attracting vermin to the premises and/or allowing vermin to exist.,Not Critical,19,B,2/12/15,6/6/16,Cycle Inspection / Initial Inspection
50002099,4/20/15,Violations were cited in the following area(s).,10F,"Non-food contact surface improperly constructed. Unacceptable material used. Non-food contact surface or equipment improperly maintained and/or not properly sealed, raised, spaced or movable to allow accessibility for cleaning on all sides, above and underneath the unit.",Not Critical,20,A,5/28/16,6/6/16,Cycle Inspection / Initial Inspection
40972083,3/27/15,Violations were cited in the following area(s).,06F,Wiping cloths soiled or not stored in sanitizing solution.,Critical,8,,,6/6/16,Cycle Inspection / Initial Inspection
40759944,1/28/15,Violations were cited in the following area(s).,02G,Cold food item held above 41_ F (smoked fish and reduced oxygen packaged foods above 38 ) except during necessary preparation.,Critical,8,A,1/28/15,6/6/16,Cycle Inspection / Initial Inspection
41582724,12/20/13,Violations were cited in the following area(s).,04L,Evidence of mice or live mice present in facility's food and/or non-food areas.,Critical,13,,,6/6/16,Cycle Inspection / Initial Inspection
41566404,10/24/13,Violations were cited in the following area(s).,04N,"Filth flies or food/refuse/sewage-associated (FRSA) flies present in facilitys food and/or non-food areas. Filth flies include house flies, little house flies, blow flies, bottle flies and flesh flies. Food/refuse/sewage-associated flies include fruit flies, drain flies and Phorid flies.",Critical,11,A,10/24/13,6/6/16,Cycle Inspection / Initial Inspection
50008138,5/31/14,Violations were cited in the following area(s).,02G,Cold food item held above 41_ F (smoked fish and reduced oxygen packaged foods above 38 ) except during necessary preparation.,Critical,10,A,5/31/14,6/6/16,Pre-permit (Operational) / Initial Inspection
41201799,4/27/15,Violations were cited in the following area(s).,08C,Pesticide use not in accordance with label or applicable laws. Prohibited chemical used/stored. Open bait station used.,Not Critical,30,C,4/27/15,6/6/16,Cycle Inspection / Re-inspection
41635367,4/9/13,Violations were cited in the following area(s).,08A,Facility not vermin proof. Harborage or conditions conducive to attracting vermin to the premises and/or allowing vermin to exist.,Not Critical,9,A,6/26/15,6/6/16,Cycle Inspection / Initial Inspection
41224120,1/19/16,Violations were cited in the following area(s).,04N,"Filth flies or food/refuse/sewage-associated (FRSA) flies present in facilitys food and/or non-food areas. Filth flies include house flies, little house flies, blow flies, bottle flies and flesh flies. Food/refuse/sewage-associated flies include fruit flies, drain flies and Phorid flies.",Critical,16,B,1/19/16,6/6/16,Cycle Inspection / Re-inspection
41361879,5/4/15,Establishment Closed by DOHMH.  Violations were cited in the following area(s) and those requiring immediate action were addressed.,02B,Hot food item not held at or above 140_ F.,Critical,53,A,4/8/15,6/6/16,Cycle Inspection / Initial Inspection
40897437,3/12/14,Violations were cited in the following area(s).,04K,Evidence of rats or live rats present in facility's food and/or non-food areas.,Critical,19,B,5/26/15,6/6/16,Cycle Inspection / Initial Inspection
50010859,3/11/15,Violations were cited in the following area(s).,10I,"Single service item reused, improperly stored, dispensed; not used when required.",Not Critical,24,A,5/12/16,6/6/16,Cycle Inspection / Initial Inspection
41168107,2/17/15,Violations were cited in the following area(s).,04A,Food Protection Certificate not held by supervisor of food operations.,Critical,26,,,6/6/16,Cycle Inspection / Initial Inspection
40942069,5/4/15,Violations were cited in the following area(s).,10B,Plumbing not properly installed or maintained; anti-siphonage or backflow prevention device not provided where required; equipment or floor not properly drained; sewage disposal system in disrepair or not functioning properly.,Not Critical,4,A,5/4/15,6/6/16,Cycle Inspection / Initial Inspection
40393712,5/26/15,Violations were cited in the following area(s).,10F,"Non-food contact surface improperly constructed. Unacceptable material used. Non-food contact surface or equipment improperly maintained and/or not properly sealed, raised, spaced or movable to allow accessibility for cleaning on all sides, above and underneath the unit.",Not Critical,23,B,5/26/15,6/6/16,Cycle Inspection / Re-inspection
50012418,11/5/15,Violations were cited in the following area(s).,08A,Facility not vermin proof. Harborage or conditions conducive to attracting vermin to the premises and/or allowing vermin to exist.,Not Critical,40,C,11/5/15,6/6/16,Cycle Inspection / Re-inspection
41396859,4/10/14,Violations were cited in the following area(s).,10H,Proper sanitization not provided for utensil ware washing operation.,Not Critical,4,A,4/10/14,6/6/16,Cycle Inspection / Initial Inspection
41477984,7/9/15,Violations were cited in the following area(s).,02G,Cold food item held above 41_ F (smoked fish and reduced oxygen packaged foods above 38 ) except during necessary preparation.,Critical,12,A,7/9/15,6/6/16,Cycle Inspection / Re-inspection
50040013,6/1/16,Violations were cited in the following area(s).,22B,Toilet facility used by women does not have at least one covered garbage receptacle.,Not Critical,32,,,6/6/16,Administrative Miscellaneous / Initial Inspection
41662070,6/19/13,Violations were cited in the following area(s).,06E,"Sanitized equipment or utensil, including in-use food dispensing utensil, improperly used or stored.",Critical,13,A,6/19/13,6/6/16,Pre-permit (Operational) / Re-inspection
41642694,1/26/16,Violations were cited in the following area(s).,04L,Evidence of mice or live mice present in facility's food and/or non-food areas.,Critical,10,A,3/2/16,6/6/16,Cycle Inspection / Initial Inspection
50000995,6/9/14,Violations were cited in the following area(s).,06E,"Sanitized equipment or utensil, including in-use food dispensing utensil, improperly used or stored.",Critical,7,A,6/9/14,6/6/16,Cycle Inspection / Initial Inspection
41551165,6/18/15,Violations were cited in the following area(s).,04N,"Filth flies or food/refuse/sewage-associated (FRSA) flies present in facilitys food and/or non-food areas. Filth flies include house flies, little house flies, blow flies, bottle flies and flesh flies. Food/refuse/sewage-associated flies include fruit flies, drain flies and Phorid flies.",Critical,24,A,9/6/13,6/6/16,Cycle Inspection / Initial Inspection
41706151,2/5/14,Violations were cited in the following area(s).,08A,Facility not vermin proof. Harborage or conditions conducive to attracting vermin to the premises and/or allowing vermin to exist.,Not Critical,15,,,6/6/16,Cycle Inspection / Initial Inspection
41579353,12/24/12,Violations were cited in the following area(s).,06D,"Food contact surface not properly washed, rinsed and sanitized after each use and following any activity when contamination may have occurred.",Critical,56,,,6/6/16,Cycle Inspection / Initial Inspection
41360872,2/4/14,Violations were cited in the following area(s).,10I,"Single service item reused, improperly stored, dispensed; not used when required.",Not Critical,9,A,2/4/14,6/6/16,Cycle Inspection / Re-inspection
50000456,10/1/14,Violations were cited in the following area(s).,04N,"Filth flies or food/refuse/sewage-associated (FRSA) flies present in facilitys food and/or non-food areas. Filth flies include house flies, little house flies, blow flies, bottle flies and flesh flies. Food/refuse/sewage-associated flies include fruit flies, drain flies and Phorid flies.",Critical,10,A,10/1/14,6/6/16,Cycle Inspection / Re-inspection
41240002,6/5/14,Violations were cited in the following area(s).,04A,Food Protection Certificate not held by supervisor of food operations.,Critical,21,B,9/26/14,6/6/16,Cycle Inspection / Initial Inspection
40399729,5/20/14,Violations were cited in the following area(s).,06C,"Food not protected from potential source of contamination during storage, preparation, transportation, display or service.",Critical,15,A,2/21/14,6/6/16,Cycle Inspection / Initial Inspection
50009155,11/15/15,Violations were cited in the following area(s).,10I,"Single service item reused, improperly stored, dispensed; not used when required.",Not Critical,34,A,8/19/13,6/6/16,Cycle Inspection / Initial Inspection
41129375,4/27/15,Violations were cited in the following area(s).,06D,"Food contact surface not properly washed, rinsed and sanitized after each use and following any activity when contamination may have occurred.",Critical,12,A,4/27/15,6/6/16,Cycle Inspection / Initial Inspection
40511702,3/13/13,Violations were cited in the following area(s).,16B,"The original nutritional fact labels and/or ingredient label for a cooking oil, shortening or margarine or food item sold in bulk, or acceptable manufacturers documentation not maintained on site.",Not Critical,11,A,8/28/13,6/6/16,Trans Fat / Initial Inspection
41289876,10/10/14,Violations were cited in the following area(s).,02B,Hot food item not held at or above 140_ F.,Critical,42,B,3/5/15,6/6/16,Cycle Inspection / Initial Inspection
50014387,10/30/14,Establishment Closed by DOHMH.  Violations were cited in the following area(s) and those requiring immediate action were addressed.,04C,Food worker does not use proper utensil to eliminate bare hand contact with food that will not receive adequate additional heat treatment.,Critical,83,A,5/12/15,6/6/16,Pre-permit (Operational) / Re-inspection
50010504,7/6/15,Violations were cited in the following area(s).,08A,Facility not vermin proof. Harborage or conditions conducive to attracting vermin to the premises and/or allowing vermin to exist.,Not Critical,25,B,7/6/15,6/6/16,Cycle Inspection / Re-inspection
41249600,8/20/15,Violations were cited in the following area(s).,22C,"Bulb not shielded or shatterproof, in areas where there is extreme heat, temperature changes, or where accidental contact may occur.",Not Critical,24,B,7/9/15,6/6/16,Administrative Miscellaneous / Initial Inspection
50038258,10/6/15,Violations were cited in the following area(s).,06C,"Food not protected from potential source of contamination during storage, preparation, transportation, display or service.",Critical,7,A,10/6/15,6/6/16,Pre-permit (Operational) / Re-inspection
41708903,10/16/13,Violations were cited in the following area(s).,02B,Hot food item not held at or above 140_ F.,Critical,38,B,8/14/15,6/6/16,Cycle Inspection / Initial Inspection
41169421,1/8/15,Violations were cited in the following area(s).,06D,"Food contact surface not properly washed, rinsed and sanitized after each use and following any activity when contamination may have occurred.",Critical,28,,,6/6/16,Cycle Inspection / Initial Inspection
50005710,7/29/14,Violations were cited in the following area(s).,09B,Thawing procedures improper.,Not Critical,11,A,7/29/14,6/6/16,Pre-permit (Operational) / Re-inspection
41316819,9/22/14,Violations were cited in the following area(s).,08A,Facility not vermin proof. Harborage or conditions conducive to attracting vermin to the premises and/or allowing vermin to exist.,Not Critical,20,B,9/22/14,6/6/16,Cycle Inspection / Re-inspection
41067699,1/8/14,Violations were cited in the following area(s).,06F,Wiping cloths soiled or not stored in sanitizing solution.,Critical,12,A,1/8/14,6/6/16,Cycle Inspection / Initial Inspection
41448576,11/22/13,No violations were recorded at the time of this inspection.,02G,Cold food item held above 41_ F (smoked fish and reduced oxygen packaged foods above 38 ) except during necessary preparation.,Not Applicable,19,,,6/6/16,Trans Fat / Initial Inspection
41649614,8/9/14,Violations were cited in the following area(s).,08A,Facility not vermin proof. Harborage or conditions conducive to attracting vermin to the premises and/or allowing vermin to exist.,Not Critical,41,A,6/23/14,6/6/16,Cycle Inspection / Initial Inspection
41448381,2/20/14,Violations were cited in the following area(s).,10D,"Mechanical or natural ventilation system not provided, improperly installed, in disrepair and/or fails to prevent excessive build-up of grease, heat, steam condensation vapors, odors, smoke, and fumes.",Not Critical,49,A,6/22/15,6/6/16,Cycle Inspection / Initial Inspection
40388935,1/28/16,Violations were cited in the following area(s).,10J,''''Wash hands sign not posted at hand wash facility.,Not Critical,14,,,6/6/16,Cycle Inspection / Initial Inspection
50011690,2/24/16,Violations were cited in the following area(s).,06D,"Food contact surface not properly washed, rinsed and sanitized after each use and following any activity when contamination may have occurred.",Critical,14,A,10/30/13,6/6/16,Cycle Inspection / Initial Inspection
41486575,5/13/14,Violations were cited in the following area(s).,06C,"Food not protected from potential source of contamination during storage, preparation, transportation, display or service.",Critical,12,A,5/13/14,6/6/16,Cycle Inspection / Initial Inspection
41613181,8/20/12,Violations were cited in the following area(s).,06D,"Food contact surface not properly washed, rinsed and sanitized after each use and following any activity when contamination may have occurred.",Critical,37,,,6/6/16,Cycle Inspection / Initial Inspection
41628219,4/14/15,Violations were cited in the following area(s).,02B,Hot food item not held at or above 140_ F.,Critical,49,A,12/14/15,6/6/16,Cycle Inspection / Initial Inspection
41024987,8/12/15,Violations were cited in the following area(s).,10H,Proper sanitization not provided for utensil ware washing operation.,Not Critical,17,B,8/12/15,6/6/16,Cycle Inspection / Re-inspection
40936973,7/22/14,Violations were cited in the following area(s).,08A,Facility not vermin proof. Harborage or conditions conducive to attracting vermin to the premises and/or allowing vermin to exist.,Not Critical,45,B,1/22/15,6/6/16,Cycle Inspection / Initial Inspection
50001261,8/2/14,Violations were cited in the following area(s).,04M,Live roaches present in facility's food and/or non-food areas.,Critical,22,,,6/6/16,Cycle Inspection / Initial Inspection
41251199,2/14/14,No violations were recorded at the time of this inspection.,02G,Cold food item held above 41_ F (smoked fish and reduced oxygen packaged foods above 38 ) except during necessary preparation.,Not Applicable,60,,,6/6/16,Smoke-Free Air Act / Initial Inspection
41622588,8/21/13,Violations were cited in the following area(s).,16C,"Caloric content not posted on menus, menu boards or food tags, in a food service establishment that is 1 of 15 or more outlets operating the same type of business nationally under common ownership or control, or as a franchise or doing business under the same name, for each menu item that is served in portions, the size and content of which are standardized.",Not Critical,22,,,6/6/16,Calorie Posting / Second Compliance Inspection
50015814,3/31/15,Violations were cited in the following area(s).,10F,"Non-food contact surface improperly constructed. Unacceptable material used. Non-food contact surface or equipment improperly maintained and/or not properly sealed, raised, spaced or movable to allow accessibility for cleaning on all sides, above and underneath the unit.",Not Critical,9,A,3/31/15,6/6/16,Cycle Inspection / Initial Inspection
41682994,7/17/15,Violations were cited in the following area(s).,16A,"A food containing artificial trans fat, with 0.5 grams or more of trans fat per serving, is being stored, distributed, held for service, used in preparation of a menu item, or served.",Not Critical,22,,,6/6/16,Trans Fat / Initial Inspection
41692974,5/10/16,Violations were cited in the following area(s).,09B,Thawing procedures improper.,Not Critical,19,Z,5/10/16,6/6/16,Cycle Inspection / Re-inspection
41549472,11/15/13,Violations were cited in the following area(s).,10F,"Non-food contact surface improperly constructed. Unacceptable material used. Non-food contact surface or equipment improperly maintained and/or not properly sealed, raised, spaced or movable to allow accessibility for cleaning on all sides, above and underneath the unit.",Not Critical,13,A,11/15/13,6/6/16,Cycle Inspection / Initial Inspection
40423532,8/27/14,Violations were cited in the following area(s).,06C,"Food not protected from potential source of contamination during storage, preparation, transportation, display or service.",Critical,7,A,8/27/14,6/6/16,Cycle Inspection / Re-inspection
41462152,6/24/13,Violations were cited in the following area(s).,06D,"Food contact surface not properly washed, rinsed and sanitized after each use and following any activity when contamination may have occurred.",Critical,11,A,6/24/13,6/6/16,Cycle Inspection / Initial Inspection
41514283,2/10/15,Violations were cited in the following area(s).,10F,"Non-food contact surface improperly constructed. Unacceptable material used. Non-food contact surface or equipment improperly maintained and/or not properly sealed, raised, spaced or movable to allow accessibility for cleaning on all sides, above and underneath the unit.",Not Critical,10,A,2/10/15,6/6/16,Cycle Inspection / Re-inspection
41679636,5/3/14,Violations were cited in the following area(s).,10A,"Toilet facility not maintained and provided with toilet paper, waste receptacle and self-closing door.",Not Critical,11,,,6/6/16,Cycle Inspection / Initial Inspection
41695327,1/28/14,Violations were cited in the following area(s).,10D,"Mechanical or natural ventilation system not provided, improperly installed, in disrepair and/or fails to prevent excessive build-up of grease, heat, steam condensation vapors, odors, smoke, and fumes.",Not Critical,46,A,11/21/14,6/6/16,Cycle Inspection / Initial Inspection
40990997,10/22/14,Violations were cited in the following area(s).,10F,"Non-food contact surface improperly constructed. Unacceptable material used. Non-food contact surface or equipment improperly maintained and/or not properly sealed, raised, spaced or movable to allow accessibility for cleaning on all sides, above and underneath the unit.",Not Critical,11,A,10/22/14,6/6/16,Cycle Inspection / Re-inspection
41412192,5/1/16,Violations were cited in the following area(s).,04L,Evidence of mice or live mice present in facility's food and/or non-food areas.,Critical,31,,,6/6/16,Cycle Inspection / Initial Inspection
41254531,5/21/13,Violations were cited in the following area(s).,04L,Evidence of mice or live mice present in facility's food and/or non-food areas.,Critical,21,A,8/26/14,6/6/16,Cycle Inspection / Initial Inspection
50019278,11/25/15,Violations were cited in the following area(s).,10F,"Non-food contact surface improperly constructed. Unacceptable material used. Non-food contact surface or equipment improperly maintained and/or not properly sealed, raised, spaced or movable to allow accessibility for cleaning on all sides, above and underneath the unit.",Not Critical,4,A,11/25/15,6/6/16,Cycle Inspection / Initial Inspection
40544823,9/16/13,Violations were cited in the following area(s).,09C,Food contact surface not properly maintained.,Not Critical,25,A,12/22/15,6/6/16,Cycle Inspection / Initial Inspection
41313857,4/10/14,Violations were cited in the following area(s).,02H,"Food not cooled by an approved method whereby the internal product temperature is reduced from 140_ F to 70_ F or less within 2 hours, and from 70_ F to 41_ F or less within 4 additional hours.",Critical,20,A,6/2/15,6/6/16,Cycle Inspection / Initial Inspection
41067502,12/30/14,Violations were cited in the following area(s).,10F,"Non-food contact surface improperly constructed. Unacceptable material used. Non-food contact surface or equipment improperly maintained and/or not properly sealed, raised, spaced or movable to allow accessibility for cleaning on all sides, above and underneath the unit.",Not Critical,9,A,12/30/14,6/6/16,Cycle Inspection / Re-inspection
41658609,1/28/15,Violations were cited in the following area(s).,04L,Evidence of mice or live mice present in facility's food and/or non-food areas.,Critical,17,B,1/28/15,6/6/16,Cycle Inspection / Re-inspection
40384662,7/17/13,Violations were cited in the following area(s).,20D,"Choking first aid poster not posted. Alcohol and pregnancy warning sign not posted. Resuscitation equipment: exhaled air resuscitation masks (adult & pediatric), latex gloves, sign not posted. Inspection report sign not posted.",Not Critical,9,A,1/22/16,6/6/16,Administrative Miscellaneous / Initial Inspection
40572406,1/12/16,Violations were cited in the following area(s).,08A,Facility not vermin proof. Harborage or conditions conducive to attracting vermin to the premises and/or allowing vermin to exist.,Not Critical,9,A,1/12/16,6/6/16,Cycle Inspection / Re-inspection
41468453,5/8/13,Violations were cited in the following area(s).,02G,Cold food item held above 41_ F (smoked fish and reduced oxygen packaged foods above 38 ) except during necessary preparation.,Critical,29,A,6/11/15,6/6/16,Cycle Inspection / Initial Inspection
41644068,8/27/15,Violations were cited in the following area(s).,15L,"Smoke free workplace smoking policy inadequate, not posted, not provided to employees.",Not Critical,34,,,6/6/16,Smoke-Free Air Act / Re-inspection
41595193,2/20/13,Violations were cited in the following area(s).,04L,Evidence of mice or live mice present in facility's food and/or non-food areas.,Critical,21,B,5/10/13,6/6/16,Cycle Inspection / Initial Inspection
41274876,9/29/15,Violations were cited in the following area(s).,08A,Facility not vermin proof. Harborage or conditions conducive to attracting vermin to the premises and/or allowing vermin to exist.,Not Critical,29,C,9/29/15,6/6/16,Cycle Inspection / Re-inspection
41633807,11/25/14,Violations were cited in the following area(s).,06D,"Food contact surface not properly washed, rinsed and sanitized after each use and following any activity when contamination may have occurred.",Critical,15,A,9/24/12,6/6/16,Cycle Inspection / Initial Inspection
50035098,7/7/15,Violations were cited in the following area(s).,08A,Facility not vermin proof. Harborage or conditions conducive to attracting vermin to the premises and/or allowing vermin to exist.,Not Critical,13,A,7/7/15,6/6/16,Pre-permit (Operational) / Initial Inspection
41690699,9/11/13,Violations were cited in the following area(s).,04L,Evidence of mice or live mice present in facility's food and/or non-food areas.,Critical,18,B,9/11/13,6/6/16,Cycle Inspection / Re-inspection
41420291,3/13/16,Violations were cited in the following area(s).,08A,Facility not vermin proof. Harborage or conditions conducive to attracting vermin to the premises and/or allowing vermin to exist.,Not Critical,76,A,4/7/15,6/6/16,Cycle Inspection / Initial Inspection
41551464,3/17/15,Violations were cited in the following area(s).,10F,"Non-food contact surface improperly constructed. Unacceptable material used. Non-food contact surface or equipment improperly maintained and/or not properly sealed, raised, spaced or movable to allow accessibility for cleaning on all sides, above and underneath the unit.",Not Critical,4,A,3/17/15,6/6/16,Cycle Inspection / Re-inspection
50049018,1/1/00,Violations were cited in the following area(s).,04J,"Appropriately scaled metal stem-type thermometer or thermocouple not provided or used to evaluate temperatures of potentially hazardous foods during cooking, cooling, reheating and holding.",Not Applicable,37,A,12/31/13,6/6/16,Cycle Inspection / Initial Inspection
40786919,5/23/13,Violations were cited in the following area(s).,06E,"Sanitized equipment or utensil, including in-use food dispensing utensil, improperly used or stored.",Critical,20,,,6/6/16,Cycle Inspection / Initial Inspection
41209603,7/8/13,Violations were cited in the following area(s).,10F,"Non-food contact surface improperly constructed. Unacceptable material used. Non-food contact surface or equipment improperly maintained and/or not properly sealed, raised, spaced or movable to allow accessibility for cleaning on all sides, above and underneath the unit.",Not Critical,4,A,7/8/13,6/6/16,Cycle Inspection / Re-inspection
50019049,5/6/15,Violations were cited in the following area(s).,10B,Plumbing not properly installed or maintained; anti-siphonage or backflow prevention device not provided where required; equipment or floor not properly drained; sewage disposal system in disrepair or not functioning properly.,Not Critical,14,,,6/6/16,Cycle Inspection / Initial Inspection
50000593,4/15/15,Violations were cited in the following area(s).,04L,Evidence of mice or live mice present in facility's food and/or non-food areas.,Critical,24,,,6/6/16,Cycle Inspection / Initial Inspection
41006035,6/25/14,Violations were cited in the following area(s).,02G,Cold food item held above 41_ F (smoked fish and reduced oxygen packaged foods above 38 ) except during necessary preparation.,Critical,13,A,6/25/14,6/6/16,Cycle Inspection / Re-inspection
41699341,4/23/13,Violations were cited in the following area(s).,06D,"Food contact surface not properly washed, rinsed and sanitized after each use and following any activity when contamination may have occurred.",Critical,12,,,6/6/16,Pre-permit (Operational) / Initial Inspection
50011701,8/19/15,Violations were cited in the following area(s).,02G,Cold food item held above 41_ F (smoked fish and reduced oxygen packaged foods above 38 ) except during necessary preparation.,Critical,12,A,8/19/15,6/6/16,Cycle Inspection / Re-inspection
40365726,4/4/13,Violations were cited in the following area(s).,10B,Plumbing not properly installed or maintained; anti-siphonage or backflow prevention device not provided where required; equipment or floor not properly drained; sewage disposal system in disrepair or not functioning properly.,Not Critical,17,A,4/30/13,6/6/16,Cycle Inspection / Initial Inspection
40385974,5/20/14,Violations were cited in the following area(s).,02B,Hot food item not held at or above 140_ F.,Critical,20,B,5/20/14,6/6/16,Cycle Inspection / Re-inspection
41554855,7/24/13,Violations were cited in the following area(s).,06D,"Food contact surface not properly washed, rinsed and sanitized after each use and following any activity when contamination may have occurred.",Critical,49,A,6/19/14,6/6/16,Cycle Inspection / Initial Inspection
50001540,10/1/14,Violations were cited in the following area(s).,06D,"Food contact surface not properly washed, rinsed and sanitized after each use and following any activity when contamination may have occurred.",Critical,8,A,10/1/14,6/6/16,Cycle Inspection / Initial Inspection
41611858,6/26/13,Violations were cited in the following area(s).,10D,"Mechanical or natural ventilation system not provided, improperly installed, in disrepair and/or fails to prevent excessive build-up of grease, heat, steam condensation vapors, odors, smoke, and fumes.",Not Critical,46,,,6/6/16,Cycle Inspection / Initial Inspection
41456053,8/6/14,Violations were cited in the following area(s).,02B,Hot food item not held at or above 140_ F.,Critical,45,B,9/24/14,6/6/16,Cycle Inspection / Initial Inspection
41264022,7/22/13,Violations were cited in the following area(s).,10A,"Toilet facility not maintained and provided with toilet paper, waste receptacle and self-closing door.",Not Critical,49,A,4/30/15,6/6/16,Cycle Inspection / Initial Inspection
50008938,2/2/15,Violations were cited in the following area(s).,06F,Wiping cloths soiled or not stored in sanitizing solution.,Critical,27,A,5/1/15,6/6/16,Cycle Inspection / Initial Inspection
50004556,2/24/15,Violations were cited in the following area(s).,02G,Cold food item held above 41_ F (smoked fish and reduced oxygen packaged foods above 38 ) except during necessary preparation.,Critical,7,A,2/24/15,6/6/16,Cycle Inspection / Re-inspection
50011343,6/28/14,Violations were cited in the following area(s).,04H,"Raw, cooked or prepared food is adulterated, contaminated, cross-contaminated, or not discarded in accordance with HACCP plan.",Critical,19,,,6/6/16,Pre-permit (Operational) / Initial Inspection
40395568,4/4/13,No violations were recorded at the time of this inspection.,10B,Plumbing not properly installed or maintained; anti-siphonage or backflow prevention device not provided where required; equipment or floor not properly drained; sewage disposal system in disrepair or not functioning properly.,Not Applicable,13,A,3/23/16,6/6/16,Smoke-Free Air Act / Initial Inspection
50001365,1/14/15,Violations were cited in the following area(s).,10F,"Non-food contact surface improperly constructed. Unacceptable material used. Non-food contact surface or equipment improperly maintained and/or not properly sealed, raised, spaced or movable to allow accessibility for cleaning on all sides, above and underneath the unit.",Not Critical,10,A,1/14/15,6/6/16,Cycle Inspection / Re-inspection
41608024,8/12/14,Violations were cited in the following area(s).,02H,"Food not cooled by an approved method whereby the internal product temperature is reduced from 140_ F to 70_ F or less within 2 hours, and from 70_ F to 41_ F or less within 4 additional hours.",Critical,12,A,5/13/15,6/6/16,Cycle Inspection / Initial Inspection
50034742,3/4/16,Violations were cited in the following area(s).,10B,Plumbing not properly installed or maintained; anti-siphonage or backflow prevention device not provided where required; equipment or floor not properly drained; sewage disposal system in disrepair or not functioning properly.,Not Critical,20,Not Yet Graded,3/10/15,6/6/16,Cycle Inspection / Initial Inspection
41695391,8/21/13,Violations were cited in the following area(s).,10B,Plumbing not properly installed or maintained; anti-siphonage or backflow prevention device not provided where required; equipment or floor not properly drained; sewage disposal system in disrepair or not functioning properly.,Not Critical,21,B,8/21/13,6/6/16,Cycle Inspection / Re-inspection
41173018,6/11/13,Violations were cited in the following area(s).,06E,"Sanitized equipment or utensil, including in-use food dispensing utensil, improperly used or stored.",Critical,12,A,6/11/13,6/6/16,Cycle Inspection / Re-inspection
41672416,10/2/15,Violations were cited in the following area(s).,04M,Live roaches present in facility's food and/or non-food areas.,Critical,29,A,4/7/15,6/6/16,Cycle Inspection / Initial Inspection
41175984,3/3/15,Violations were cited in the following area(s).,02B,Hot food item not held at or above 140_ F.,Critical,23,B,10/2/13,6/6/16,Cycle Inspection / Initial Inspection
40918579,8/17/15,Violations were cited in the following area(s).,06B,"Tobacco use, eating, or drinking from open container in food preparation, food storage or dishwashing area observed.",Critical,36,A,5/12/16,6/6/16,Cycle Inspection / Initial Inspection
41374594,5/26/15,Violations were cited in the following area(s).,10F,"Non-food contact surface improperly constructed. Unacceptable material used. Non-food contact surface or equipment improperly maintained and/or not properly sealed, raised, spaced or movable to allow accessibility for cleaning on all sides, above and underneath the unit.",Not Critical,5,A,5/26/15,6/6/16,Cycle Inspection / Re-inspection
41496506,11/22/14,Violations were cited in the following area(s).,06E,"Sanitized equipment or utensil, including in-use food dispensing utensil, improperly used or stored.",Critical,34,A,3/1/16,6/6/16,Cycle Inspection / Initial Inspection
41360469,6/19/14,Violations were cited in the following area(s).,02H,"Food not cooled by an approved method whereby the internal product temperature is reduced from 140_ F to 70_ F or less within 2 hours, and from 70_ F to 41_ F or less within 4 additional hours.",Critical,9,A,6/19/14,6/6/16,Cycle Inspection / Re-inspection
50000188,11/14/13,Violations were cited in the following area(s).,02B,Hot food item not held at or above 140_ F.,Critical,21,A,11/23/15,6/6/16,Cycle Inspection / Initial Inspection
41365079,1/17/13,Violations were cited in the following area(s).,04K,Evidence of rats or live rats present in facility's food and/or non-food areas.,Critical,11,,,6/6/16,Cycle Inspection / Initial Inspection
50032752,5/5/15,Violations were cited in the following area(s).,04J,"Appropriately scaled metal stem-type thermometer or thermocouple not provided or used to evaluate temperatures of potentially hazardous foods during cooking, cooling, reheating and holding.",Critical,54,A,2/11/16,6/6/16,Cycle Inspection / Initial Inspection
41338145,5/19/15,Violations were cited in the following area(s).,02G,Cold food item held above 41_ F (smoked fish and reduced oxygen packaged foods above 38 ) except during necessary preparation.,Critical,9,A,5/19/15,6/6/16,Cycle Inspection / Re-inspection
41656654,8/27/13,Violations were cited in the following area(s).,08A,Facility not vermin proof. Harborage or conditions conducive to attracting vermin to the premises and/or allowing vermin to exist.,Not Critical,24,,,6/6/16,Cycle Inspection / Initial Inspection
40550801,2/2/16,Violations were cited in the following area(s).,04L,Evidence of mice or live mice present in facility's food and/or non-food areas.,Critical,18,B,2/2/16,6/6/16,Cycle Inspection / Re-inspection
40601696,10/23/14,Violations were cited in the following area(s).,08A,Facility not vermin proof. Harborage or conditions conducive to attracting vermin to the premises and/or allowing vermin to exist.,Not Critical,47,B,1/16/15,6/6/16,Cycle Inspection / Initial Inspection
41013350,6/5/13,Violations were cited in the following area(s).,15L,"Smoke free workplace smoking policy inadequate, not posted, not provided to employees.",Not Critical,28,A,3/2/16,6/6/16,Smoke-Free Air Act / Initial Inspection
41425977,10/6/15,Violations were cited in the following area(s).,10B,Plumbing not properly installed or maintained; anti-siphonage or backflow prevention device not provided where required; equipment or floor not properly drained; sewage disposal system in disrepair or not functioning properly.,Not Critical,11,A,10/6/15,6/6/16,Cycle Inspection / Re-inspection
50032825,4/2/15,Violations were cited in the following area(s).,08A,Facility not vermin proof. Harborage or conditions conducive to attracting vermin to the premises and/or allowing vermin to exist.,Not Critical,13,A,12/9/13,6/6/16,Pre-permit (Operational) / Initial Inspection
41098752,7/10/13,Violations were cited in the following area(s).,20F,Current letter grade card not posted.,Not Critical,7,A,4/15/15,6/6/16,Administrative Miscellaneous / Initial Inspection
50002057,1/16/15,No violations were recorded at the time of this inspection.,06D,"Food contact surface not properly washed, rinsed and sanitized after each use and following any activity when contamination may have occurred.",Not Applicable,16,,,6/6/16,Trans Fat / Re-inspection
41595293,2/24/15,Violations were cited in the following area(s).,15L,"Smoke free workplace smoking policy inadequate, not posted, not provided to employees.",Not Critical,9,A,11/21/14,6/6/16,Smoke-Free Air Act / Re-inspection
41019480,3/21/16,Violations were cited in the following area(s).,20F,Current letter grade card not posted.,Not Critical,13,A,11/21/13,6/6/16,Administrative Miscellaneous / Initial Inspection
40386147,2/5/14,Violations were cited in the following area(s).,10F,"Non-food contact surface improperly constructed. Unacceptable material used. Non-food contact surface or equipment improperly maintained and/or not properly sealed, raised, spaced or movable to allow accessibility for cleaning on all sides, above and underneath the unit.",Not Critical,13,A,2/5/14,6/6/16,Cycle Inspection / Re-inspection
41263597,1/10/13,Violations were cited in the following area(s).,10A,"Toilet facility not maintained and provided with toilet paper, waste receptacle and self-closing door.",Not Critical,12,A,2/5/14,6/6/16,Cycle Inspection / Initial Inspection
40593817,2/6/16,Violations were cited in the following area(s).,06C,"Food not protected from potential source of contamination during storage, preparation, transportation, display or service.",Critical,30,C,8/22/14,6/6/16,Cycle Inspection / Initial Inspection
41423445,3/3/16,Violations were cited in the following area(s).,10B,Plumbing not properly installed or maintained; anti-siphonage or backflow prevention device not provided where required; equipment or floor not properly drained; sewage disposal system in disrepair or not functioning properly.,Not Critical,14,B,3/3/16,6/6/16,Cycle Inspection / Re-inspection
41470674,9/30/15,Violations were cited in the following area(s).,04N,"Filth flies or food/refuse/sewage-associated (FRSA) flies present in facilitys food and/or non-food areas. Filth flies include house flies, little house flies, blow flies, bottle flies and flesh flies. Food/refuse/sewage-associated flies include fruit flies, drain flies and Phorid flies.",Critical,35,A,2/23/16,6/6/16,Cycle Inspection / Initial Inspection
41247555,8/21/12,Violations were cited in the following area(s).,04N,"Filth flies or food/refuse/sewage-associated (FRSA) flies present in facilitys food and/or non-food areas. Filth flies include house flies, little house flies, blow flies, bottle flies and flesh flies. Food/refuse/sewage-associated flies include fruit flies, drain flies and Phorid flies.",Critical,10,A,8/21/12,6/6/16,Cycle Inspection / Initial Inspection
50000710,9/3/13,Violations were cited in the following area(s).,04A,Food Protection Certificate not held by supervisor of food operations.,Critical,18,B,9/3/13,6/6/16,Cycle Inspection / Re-inspection
41722730,6/24/13,Violations were cited in the following area(s).,06C,"Food not protected from potential source of contamination during storage, preparation, transportation, display or service.",Critical,17,,,6/6/16,Pre-permit (Operational) / Compliance Inspection
41594721,2/1/16,Violations were cited in the following area(s).,10F,"Non-food contact surface improperly constructed. Unacceptable material used. Non-food contact surface or equipment improperly maintained and/or not properly sealed, raised, spaced or movable to allow accessibility for cleaning on all sides, above and underneath the unit.",Not Critical,7,A,2/1/16,6/6/16,Cycle Inspection / Initial Inspection
50012047,6/10/15,Violations were cited in the following area(s).,10F,"Non-food contact surface improperly constructed. Unacceptable material used. Non-food contact surface or equipment improperly maintained and/or not properly sealed, raised, spaced or movable to allow accessibility for cleaning on all sides, above and underneath the unit.",Not Critical,15,A,5/5/14,6/6/16,Cycle Inspection / Initial Inspection
41164678,9/13/13,Violations were cited in the following area(s).,06B,"Tobacco use, eating, or drinking from open container in food preparation, food storage or dishwashing area observed.",Critical,68,C,9/13/13,6/6/16,Cycle Inspection / Re-inspection
41662352,5/30/14,Violations were cited in the following area(s).,15L,"Smoke free workplace smoking policy inadequate, not posted, not provided to employees.",Not Critical,38,,,6/6/16,Smoke-Free Air Act / Re-inspection
41019480,12/12/14,Violations were cited in the following area(s).,02G,Cold food item held above 41_ F (smoked fish and reduced oxygen packaged foods above 38 ) except during necessary preparation.,Critical,25,A,9/10/13,6/6/16,Cycle Inspection / Initial Inspection
41118126,8/24/15,Violations were cited in the following area(s).,04N,"Filth flies or food/refuse/sewage-associated (FRSA) flies present in facilitys food and/or non-food areas. Filth flies include house flies, little house flies, blow flies, bottle flies and flesh flies. Food/refuse/sewage-associated flies include fruit flies, drain flies and Phorid flies.",Critical,47,C,8/24/15,6/6/16,Cycle Inspection / Re-inspection
41163019,3/7/14,Violations were cited in the following area(s).,02G,Cold food item held above 41_ F (smoked fish and reduced oxygen packaged foods above 38 ) except during necessary preparation.,Critical,28,A,11/25/13,6/6/16,Cycle Inspection / Initial Inspection
50000616,7/1/13,Violations were cited in the following area(s).,06D,"Food contact surface not properly washed, rinsed and sanitized after each use and following any activity when contamination may have occurred.",Critical,8,,,6/6/16,Pre-permit (Operational) / Initial Inspection
41553996,1/2/14,Establishment Closed by DOHMH.  Violations were cited in the following area(s) and those requiring immediate action were addressed.,08A,Facility not vermin proof. Harborage or conditions conducive to attracting vermin to the premises and/or allowing vermin to exist.,Not Critical,51,,,6/6/16,Cycle Inspection / Re-inspection
50002691,10/30/13,Violations were cited in the following area(s).,04K,Evidence of rats or live rats present in facility's food and/or non-food areas.,Critical,22,A,3/15/16,6/6/16,Pre-permit (Operational) / Initial Inspection
50001836,7/22/14,Violations were cited in the following area(s).,15L,"Smoke free workplace smoking policy inadequate, not posted, not provided to employees.",Not Critical,16,,,6/6/16,Smoke-Free Air Act / Re-inspection
50032685,3/26/15,Violations were cited in the following area(s).,04L,Evidence of mice or live mice present in facility's food and/or non-food areas.,Critical,29,A,10/22/13,6/6/16,Pre-permit (Operational) / Initial Inspection
40617679,4/21/15,Violations were cited in the following area(s).,04L,Evidence of mice or live mice present in facility's food and/or non-food areas.,Critical,10,A,4/21/15,6/6/16,Cycle Inspection / Re-inspection
41673105,9/10/14,Violations were cited in the following area(s).,10F,"Non-food contact surface improperly constructed. Unacceptable material used. Non-food contact surface or equipment improperly maintained and/or not properly sealed, raised, spaced or movable to allow accessibility for cleaning on all sides, above and underneath the unit.",Not Critical,13,A,9/10/14,6/6/16,Cycle Inspection / Initial Inspection
41164934,9/1/15,Violations were cited in the following area(s).,10F,"Non-food contact surface improperly constructed. Unacceptable material used. Non-food contact surface or equipment improperly maintained and/or not properly sealed, raised, spaced or movable to allow accessibility for cleaning on all sides, above and underneath the unit.",Not Critical,10,A,9/1/15,6/6/16,Cycle Inspection / Initial Inspection
50043349,2/16/16,Violations were cited in the following area(s).,10F,"Non-food contact surface improperly constructed. Unacceptable material used. Non-food contact surface or equipment improperly maintained and/or not properly sealed, raised, spaced or movable to allow accessibility for cleaning on all sides, above and underneath the unit.",Not Critical,10,A,2/16/16,6/6/16,Pre-permit (Operational) / Re-inspection
41169686,4/11/16,Violations were cited in the following area(s).,02G,Cold food item held above 41_ F (smoked fish and reduced oxygen packaged foods above 38 ) except during necessary preparation.,Critical,16,,,6/6/16,Cycle Inspection / Initial Inspection
40997888,10/21/14,Violations were cited in the following area(s).,10F,"Non-food contact surface improperly constructed. Unacceptable material used. Non-food contact surface or equipment improperly maintained and/or not properly sealed, raised, spaced or movable to allow accessibility for cleaning on all sides, above and underneath the unit.",Not Critical,8,A,10/21/14,6/6/16,Cycle Inspection / Initial Inspection
40398125,9/3/15,Violations were cited in the following area(s).,10F,"Non-food contact surface improperly constructed. Unacceptable material used. Non-food contact surface or equipment improperly maintained and/or not properly sealed, raised, spaced or movable to allow accessibility for cleaning on all sides, above and underneath the unit.",Not Critical,5,A,9/3/15,6/6/16,Cycle Inspection / Initial Inspection
41380984,7/9/13,Violations were cited in the following area(s).,06D,"Food contact surface not properly washed, rinsed and sanitized after each use and following any activity when contamination may have occurred.",Critical,10,A,7/9/13,6/6/16,Cycle Inspection / Re-inspection
50004674,1/14/14,Violations were cited in the following area(s).,04N,"Filth flies or food/refuse/sewage-associated (FRSA) flies present in facilitys food and/or non-food areas. Filth flies include house flies, little house flies, blow flies, bottle flies and flesh flies. Food/refuse/sewage-associated flies include fruit flies, drain flies and Phorid flies.",Critical,21,,,6/6/16,Pre-permit (Operational) / Compliance Inspection
41549980,9/12/14,Violations were cited in the following area(s).,06D,"Food contact surface not properly washed, rinsed and sanitized after each use and following any activity when contamination may have occurred.",Critical,13,A,9/12/14,6/6/16,Cycle Inspection / Re-inspection
41416221,5/26/16,Violations were cited in the following area(s).,02G,Cold food item held above 41_ F (smoked fish and reduced oxygen packaged foods above 38 ) except during necessary preparation.,Critical,32,A,3/9/16,6/6/16,Cycle Inspection / Initial Inspection
50004379,8/20/15,Violations were cited in the following area(s).,02G,Cold food item held above 41_ F (smoked fish and reduced oxygen packaged foods above 38 ) except during necessary preparation.,Critical,13,A,8/20/15,6/6/16,Cycle Inspection / Re-inspection
40554183,8/27/14,Violations were cited in the following area(s).,08A,Facility not vermin proof. Harborage or conditions conducive to attracting vermin to the premises and/or allowing vermin to exist.,Not Critical,16,B,3/28/15,6/6/16,Cycle Inspection / Initial Inspection
50007895,3/24/15,Violations were cited in the following area(s).,04A,Food Protection Certificate not held by supervisor of food operations.,Critical,20,A,12/8/14,6/6/16,Cycle Inspection / Initial Inspection
41284228,8/29/13,Violations were cited in the following area(s).,04A,Food Protection Certificate not held by supervisor of food operations.,Critical,22,A,7/24/13,6/6/16,Cycle Inspection / Initial Inspection
41635387,8/26/15,Violations were cited in the following area(s).,02G,Cold food item held above 41_ F (smoked fish and reduced oxygen packaged foods above 38 ) except during necessary preparation.,Critical,7,A,8/26/15,6/6/16,Cycle Inspection / Initial Inspection
41059145,6/14/14,Violations were cited in the following area(s).,22C,"Bulb not shielded or shatterproof, in areas where there is extreme heat, temperature changes, or where accidental contact may occur.",Not Critical,10,A,12/23/15,6/6/16,Administrative Miscellaneous / Initial Inspection
50044531,12/28/15,Violations were cited in the following area(s).,04J,"Appropriately scaled metal stem-type thermometer or thermocouple not provided or used to evaluate temperatures of potentially hazardous foods during cooking, cooling, reheating and holding.",Critical,41,A,3/6/15,6/6/16,Pre-permit (Non-operational) / Initial Inspection
50013398,2/27/15,Violations were cited in the following area(s).,10B,Plumbing not properly installed or maintained; anti-siphonage or backflow prevention device not provided where required; equipment or floor not properly drained; sewage disposal system in disrepair or not functioning properly.,Not Critical,4,A,2/27/15,6/6/16,Cycle Inspection / Initial Inspection
40512129,9/4/15,Violations were cited in the following area(s).,02G,Cold food item held above 41_ F (smoked fish and reduced oxygen packaged foods above 38 ) except during necessary preparation.,Critical,12,A,9/4/15,6/6/16,Cycle Inspection / Re-inspection
40591422,12/15/15,Violations were cited in the following area(s).,06D,"Food contact surface not properly washed, rinsed and sanitized after each use and following any activity when contamination may have occurred.",Critical,20,B,12/15/15,6/6/16,Cycle Inspection / Re-inspection
41360833,5/30/14,Violations were cited in the following area(s).,10B,Plumbing not properly installed or maintained; anti-siphonage or backflow prevention device not provided where required; equipment or floor not properly drained; sewage disposal system in disrepair or not functioning properly.,Not Critical,17,A,3/23/16,6/6/16,Cycle Inspection / Initial Inspection
40815627,11/14/15,Violations were cited in the following area(s).,06D,"Food contact surface not properly washed, rinsed and sanitized after each use and following any activity when contamination may have occurred.",Critical,21,A,11/16/15,6/6/16,Cycle Inspection / Initial Inspection
41701244,11/27/12,No violations were recorded at the time of this inspection.,06C,"Food not protected from potential source of contamination during storage, preparation, transportation, display or service.",Not Applicable,0,,,6/6/16,Pre-permit (Non-operational) / Initial Inspection
50004960,12/30/15,Violations were cited in the following area(s).,06B,"Tobacco use, eating, or drinking from open container in food preparation, food storage or dishwashing area observed.",Critical,7,A,12/30/15,6/6/16,Cycle Inspection / Re-inspection
41395378,4/24/13,Violations were cited in the following area(s).,04L,Evidence of mice or live mice present in facility's food and/or non-food areas.,Critical,12,A,4/24/13,6/6/16,Cycle Inspection / Initial Inspection
41301888,6/9/14,Violations were cited in the following area(s).,06C,"Food not protected from potential source of contamination during storage, preparation, transportation, display or service.",Critical,11,,,6/6/16,Cycle Inspection / Initial Inspection
50015255,7/15/15,Establishment Closed by DOHMH.  Violations were cited in the following area(s) and those requiring immediate action were addressed.,05D,Hand washing facility not provided in or near food preparation area and toilet room. Hot and cold running water at adequate pressure to enable cleanliness of employees not provided at facility. Soap and an acceptable hand-drying device not provided.,Critical,85,,,6/6/16,Cycle Inspection / Initial Inspection
40514492,8/20/13,Violations were cited in the following area(s).,08A,Facility not vermin proof. Harborage or conditions conducive to attracting vermin to the premises and/or allowing vermin to exist.,Not Critical,50,A,7/15/15,6/6/16,Cycle Inspection / Initial Inspection
50004315,8/10/15,Violations were cited in the following area(s).,22C,"Bulb not shielded or shatterproof, in areas where there is extreme heat, temperature changes, or where accidental contact may occur.",Not Critical,13,A,4/7/15,6/6/16,Administrative Miscellaneous / Initial Inspection
41317594,1/14/16,Violations were cited in the following area(s).,08C,Pesticide use not in accordance with label or applicable laws. Prohibited chemical used/stored. Open bait station used.,Not Critical,6,A,1/14/16,6/6/16,Cycle Inspection / Re-inspection
41722730,6/20/13,Violations were cited in the following area(s).,04J,"Appropriately scaled metal stem-type thermometer or thermocouple not provided or used to evaluate temperatures of potentially hazardous foods during cooking, cooling, reheating and holding.",Critical,35,C,6/20/13,6/6/16,Pre-permit (Operational) / Re-inspection
40985809,9/18/13,Violations were cited in the following area(s).,10F,"Non-food contact surface improperly constructed. Unacceptable material used. Non-food contact surface or equipment improperly maintained and/or not properly sealed, raised, spaced or movable to allow accessibility for cleaning on all sides, above and underneath the unit.",Not Critical,12,A,9/18/13,6/6/16,Cycle Inspection / Initial Inspection
40388225,10/31/14,Violations were cited in the following area(s).,05D,Hand washing facility not provided in or near food preparation area and toilet room. Hot and cold running water at adequate pressure to enable cleanliness of employees not provided at facility. Soap and an acceptable hand-drying device not provided.,Critical,47,C,10/31/14,6/6/16,Cycle Inspection / Re-inspection
40618714,5/20/14,Violations were cited in the following area(s).,04H,"Raw, cooked or prepared food is adulterated, contaminated, cross-contaminated, or not discarded in accordance with HACCP plan.",Critical,32,,,6/6/16,Cycle Inspection / Initial Inspection
40585102,3/24/16,Violations were cited in the following area(s).,08A,Facility not vermin proof. Harborage or conditions conducive to attracting vermin to the premises and/or allowing vermin to exist.,Not Critical,28,A,3/13/15,6/6/16,Cycle Inspection / Initial Inspection
41261564,3/2/13,Violations were cited in the following area(s).,06A,Personal cleanliness inadequate. Outer garment soiled with possible contaminant.  Effective hair restraint not worn in an area where food is prepared.,Critical,23,B,6/15/14,6/6/16,Inter-Agency Task Force / Initial Inspection
50010338,3/2/16,Violations were cited in the following area(s).,10J,''''Wash hands sign not posted at hand wash facility.,Not Critical,28,A,12/3/12,6/6/16,Cycle Inspection / Initial Inspection
41435736,9/17/15,Violations were cited in the following area(s).,06F,Wiping cloths soiled or not stored in sanitizing solution.,Critical,31,A,3/21/13,6/6/16,Cycle Inspection / Initial Inspection
41455451,2/6/16,Violations were cited in the following area(s).,02B,Hot food item not held at or above 140_ F.,Critical,10,A,2/6/16,6/6/16,Cycle Inspection / Initial Inspection
40566783,11/27/15,Violations were cited in the following area(s).,10F,"Non-food contact surface improperly constructed. Unacceptable material used. Non-food contact surface or equipment improperly maintained and/or not properly sealed, raised, spaced or movable to allow accessibility for cleaning on all sides, above and underneath the unit.",Not Critical,11,A,11/27/15,6/6/16,Cycle Inspection / Initial Inspection
41257059,10/23/13,Violations were cited in the following area(s).,02B,Hot food item not held at or above 140_ F.,Critical,33,A,5/10/16,6/6/16,Cycle Inspection / Initial Inspection
41258669,6/30/14,Violations were cited in the following area(s).,20F,Current letter grade card not posted.,Not Critical,12,A,4/25/16,6/6/16,Administrative Miscellaneous / Compliance Inspection
41468415,12/31/14,Violations were cited in the following area(s).,02G,Cold food item held above 41_ F (smoked fish and reduced oxygen packaged foods above 38 ) except during necessary preparation.,Critical,21,A,8/23/13,6/6/16,Cycle Inspection / Initial Inspection
41481717,5/1/15,Violations were cited in the following area(s).,08A,Facility not vermin proof. Harborage or conditions conducive to attracting vermin to the premises and/or allowing vermin to exist.,Not Critical,20,,,6/6/16,Cycle Inspection / Initial Inspection
41668340,5/8/13,Violations were cited in the following area(s).,05H,"No facilities available to wash, rinse and sanitize utensils and/or equipment.",Critical,15,B,5/8/13,6/6/16,Cycle Inspection / Re-inspection
41481413,1/30/15,Violations were cited in the following area(s).,10F,"Non-food contact surface improperly constructed. Unacceptable material used. Non-food contact surface or equipment improperly maintained and/or not properly sealed, raised, spaced or movable to allow accessibility for cleaning on all sides, above and underneath the unit.",Not Critical,21,,,6/6/16,Cycle Inspection / Initial Inspection
41326196,5/25/16,Violations were cited in the following area(s).,10F,"Non-food contact surface improperly constructed. Unacceptable material used. Non-food contact surface or equipment improperly maintained and/or not properly sealed, raised, spaced or movable to allow accessibility for cleaning on all sides, above and underneath the unit.",Not Critical,8,A,5/25/16,6/6/16,Cycle Inspection / Initial Inspection
50001356,1/6/15,Violations were cited in the following area(s).,04L,Evidence of mice or live mice present in facility's food and/or non-food areas.,Critical,18,A,4/28/16,6/6/16,Cycle Inspection / Initial Inspection
50001406,5/26/16,Violations were cited in the following area(s).,06D,"Food contact surface not properly washed, rinsed and sanitized after each use and following any activity when contamination may have occurred.",Critical,16,A,8/14/14,6/6/16,Cycle Inspection / Initial Inspection
40860032,10/16/14,Violations were cited in the following area(s).,08A,Facility not vermin proof. Harborage or conditions conducive to attracting vermin to the premises and/or allowing vermin to exist.,Not Critical,20,B,10/16/14,6/6/16,Cycle Inspection / Re-inspection
50014201,12/10/14,Violations were cited in the following area(s).,06E,"Sanitized equipment or utensil, including in-use food dispensing utensil, improperly used or stored.",Critical,14,C,3/20/15,6/6/16,Cycle Inspection / Initial Inspection
50038669,10/26/15,Violations were cited in the following area(s).,06C,"Food not protected from potential source of contamination during storage, preparation, transportation, display or service.",Critical,13,A,10/26/15,6/6/16,Pre-permit (Operational) / Re-inspection
41232102,12/12/14,Violations were cited in the following area(s).,10F,"Non-food contact surface improperly constructed. Unacceptable material used. Non-food contact surface or equipment improperly maintained and/or not properly sealed, raised, spaced or movable to allow accessibility for cleaning on all sides, above and underneath the unit.",Not Critical,7,A,12/12/14,6/6/16,Cycle Inspection / Initial Inspection
41705406,3/27/13,Violations were cited in the following area(s).,09C,Food contact surface not properly maintained.,Not Critical,20,B,3/18/15,6/6/16,Cycle Inspection / Initial Inspection
41322345,2/27/14,Violations were cited in the following area(s).,10F,"Non-food contact surface improperly constructed. Unacceptable material used. Non-food contact surface or equipment improperly maintained and/or not properly sealed, raised, spaced or movable to allow accessibility for cleaning on all sides, above and underneath the unit.",Not Critical,9,A,2/27/14,6/6/16,Cycle Inspection / Initial Inspection
50001531,4/16/15,Violations were cited in the following area(s).,06F,Wiping cloths soiled or not stored in sanitizing solution.,Critical,13,,,6/6/16,Cycle Inspection / Initial Inspection
50009148,9/19/14,Violations were cited in the following area(s).,06A,Personal cleanliness inadequate. Outer garment soiled with possible contaminant.  Effective hair restraint not worn in an area where food is prepared.,Critical,27,,,6/6/16,Pre-permit (Operational) / Initial Inspection
40797684,2/4/13,Establishment Closed by DOHMH.  Violations were cited in the following area(s) and those requiring immediate action were addressed.,08A,Facility not vermin proof. Harborage or conditions conducive to attracting vermin to the premises and/or allowing vermin to exist.,Not Critical,85,A,11/1/13,6/6/16,Cycle Inspection / Initial Inspection
41310577,5/5/15,Violations were cited in the following area(s).,06C,"Food not protected from potential source of contamination during storage, preparation, transportation, display or service.",Critical,30,A,5/21/15,6/6/16,Cycle Inspection / Initial Inspection
41416781,6/25/14,Violations were cited in the following area(s).,06D,"Food contact surface not properly washed, rinsed and sanitized after each use and following any activity when contamination may have occurred.",Critical,24,A,4/26/16,6/6/16,Cycle Inspection / Initial Inspection
40535136,3/5/15,Violations were cited in the following area(s).,06C,"Food not protected from potential source of contamination during storage, preparation, transportation, display or service.",Critical,20,A,6/5/13,6/6/16,Cycle Inspection / Initial Inspection
41611969,10/23/14,Violations were cited in the following area(s).,04C,Food worker does not use proper utensil to eliminate bare hand contact with food that will not receive adequate additional heat treatment.,Critical,12,A,10/23/14,6/6/16,Cycle Inspection / Re-inspection
41246487,2/3/15,No violations were recorded at the time of this inspection.,02G,Cold food item held above 41_ F (smoked fish and reduced oxygen packaged foods above 38 ) except during necessary preparation.,Not Applicable,18,A,5/13/14,6/6/16,Trans Fat / Compliance Inspection
40376515,2/18/16,Violations were cited in the following area(s).,04M,Live roaches present in facility's food and/or non-food areas.,Critical,18,A,6/20/13,6/6/16,Cycle Inspection / Initial Inspection
50002416,10/26/15,Violations were cited in the following area(s).,02G,Cold food item held above 41_ F (smoked fish and reduced oxygen packaged foods above 38 ) except during necessary preparation.,Critical,11,A,10/26/15,6/6/16,Cycle Inspection / Initial Inspection
41237250,3/24/15,Violations were cited in the following area(s).,10F,"Non-food contact surface improperly constructed. Unacceptable material used. Non-food contact surface or equipment improperly maintained and/or not properly sealed, raised, spaced or movable to allow accessibility for cleaning on all sides, above and underneath the unit.",Not Critical,8,A,3/24/15,6/6/16,Cycle Inspection / Re-inspection
40393395,9/26/13,Violations were cited in the following area(s).,10F,"Non-food contact surface improperly constructed. Unacceptable material used. Non-food contact surface or equipment improperly maintained and/or not properly sealed, raised, spaced or movable to allow accessibility for cleaning on all sides, above and underneath the unit.",Not Critical,19,A,3/18/16,6/6/16,Cycle Inspection / Initial Inspection
50016195,4/26/16,Violations were cited in the following area(s).,08A,Facility not vermin proof. Harborage or conditions conducive to attracting vermin to the premises and/or allowing vermin to exist.,Not Critical,12,A,8/5/15,6/6/16,Cycle Inspection / Initial Inspection
41517801,4/15/14,Violations were cited in the following area(s).,02B,Hot food item not held at or above 140_ F.,Critical,24,,,6/6/16,Cycle Inspection / Initial Inspection
41584294,10/29/13,Establishment Closed by DOHMH.  Violations were cited in the following area(s) and those requiring immediate action were addressed.,10H,Proper sanitization not provided for utensil ware washing operation.,Not Critical,68,A,2/1/16,6/6/16,Cycle Inspection / Re-inspection
41293936,1/28/14,Violations were cited in the following area(s).,06C,"Food not protected from potential source of contamination during storage, preparation, transportation, display or service.",Critical,20,A,7/30/15,6/6/16,Cycle Inspection / Initial Inspection
41582724,7/18/13,Violations were cited in the following area(s).,10F,"Non-food contact surface improperly constructed. Unacceptable material used. Non-food contact surface or equipment improperly maintained and/or not properly sealed, raised, spaced or movable to allow accessibility for cleaning on all sides, above and underneath the unit.",Not Critical,27,A,5/14/15,6/6/16,Cycle Inspection / Initial Inspection
41475604,10/26/15,Violations were cited in the following area(s).,08A,Facility not vermin proof. Harborage or conditions conducive to attracting vermin to the premises and/or allowing vermin to exist.,Not Critical,15,,,6/6/16,Cycle Inspection / Initial Inspection
50010977,1/29/15,Violations were cited in the following area(s).,08A,Facility not vermin proof. Harborage or conditions conducive to attracting vermin to the premises and/or allowing vermin to exist.,Not Critical,18,A,11/12/13,6/6/16,Cycle Inspection / Initial Inspection
41142211,4/22/14,Violations were cited in the following area(s).,22C,"Bulb not shielded or shatterproof, in areas where there is extreme heat, temperature changes, or where accidental contact may occur.",Not Critical,13,A,4/20/16,6/6/16,Administrative Miscellaneous / Re-inspection
41310391,8/4/15,Violations were cited in the following area(s).,10F,"Non-food contact surface improperly constructed. Unacceptable material used. Non-food contact surface or equipment improperly maintained and/or not properly sealed, raised, spaced or movable to allow accessibility for cleaning on all sides, above and underneath the unit.",Not Critical,7,A,8/4/15,6/6/16,Cycle Inspection / Re-inspection
41488494,12/27/13,Violations were cited in the following area(s).,10F,"Non-food contact surface improperly constructed. Unacceptable material used. Non-food contact surface or equipment improperly maintained and/or not properly sealed, raised, spaced or movable to allow accessibility for cleaning on all sides, above and underneath the unit.",Not Critical,23,A,7/16/14,6/6/16,Cycle Inspection / Initial Inspection
40937978,10/20/14,Violations were cited in the following area(s).,02G,Cold food item held above 41_ F (smoked fish and reduced oxygen packaged foods above 38 ) except during necessary preparation.,Critical,16,A,5/26/16,6/6/16,Cycle Inspection / Initial Inspection
50004984,9/16/14,Violations were cited in the following area(s).,10F,"Non-food contact surface improperly constructed. Unacceptable material used. Non-food contact surface or equipment improperly maintained and/or not properly sealed, raised, spaced or movable to allow accessibility for cleaning on all sides, above and underneath the unit.",Not Critical,5,A,9/16/14,6/6/16,Cycle Inspection / Initial Inspection
41626037,2/6/15,Violations were cited in the following area(s).,10B,Plumbing not properly installed or maintained; anti-siphonage or backflow prevention device not provided where required; equipment or floor not properly drained; sewage disposal system in disrepair or not functioning properly.,Not Critical,9,A,2/6/15,6/6/16,Cycle Inspection / Re-inspection
41430578,11/2/13,No violations were recorded at the time of this inspection.,02G,Cold food item held above 41_ F (smoked fish and reduced oxygen packaged foods above 38 ) except during necessary preparation.,Not Applicable,12,A,6/28/14,6/6/16,Trans Fat / Compliance Inspection
41467627,5/11/15,Violations were cited in the following area(s).,02G,Cold food item held above 41_ F (smoked fish and reduced oxygen packaged foods above 38 ) except during necessary preparation.,Critical,23,A,8/25/15,6/6/16,Cycle Inspection / Initial Inspection
50000738,1/28/14,Violations were cited in the following area(s).,10F,"Non-food contact surface improperly constructed. Unacceptable material used. Non-food contact surface or equipment improperly maintained and/or not properly sealed, raised, spaced or movable to allow accessibility for cleaning on all sides, above and underneath the unit.",Not Critical,26,,,6/6/16,Cycle Inspection / Initial Inspection
41481394,3/14/14,Violations were cited in the following area(s).,08C,Pesticide use not in accordance with label or applicable laws. Prohibited chemical used/stored. Open bait station used.,Not Critical,12,A,8/22/13,6/6/16,Cycle Inspection / Initial Inspection
41670534,1/21/16,Violations were cited in the following area(s).,06F,Wiping cloths soiled or not stored in sanitizing solution.,Critical,11,A,1/21/16,6/6/16,Cycle Inspection / Initial Inspection
40997642,12/5/13,Violations were cited in the following area(s).,10B,Plumbing not properly installed or maintained; anti-siphonage or backflow prevention device not provided where required; equipment or floor not properly drained; sewage disposal system in disrepair or not functioning properly.,Not Critical,12,A,12/5/13,6/6/16,Cycle Inspection / Re-inspection
41678706,1/13/16,Violations were cited in the following area(s).,10F,"Non-food contact surface improperly constructed. Unacceptable material used. Non-food contact surface or equipment improperly maintained and/or not properly sealed, raised, spaced or movable to allow accessibility for cleaning on all sides, above and underneath the unit.",Not Critical,16,A,12/29/14,6/6/16,Cycle Inspection / Initial Inspection
41374711,4/30/15,Violations were cited in the following area(s).,02G,Cold food item held above 41_ F (smoked fish and reduced oxygen packaged foods above 38 ) except during necessary preparation.,Critical,30,,,6/6/16,Cycle Inspection / Initial Inspection
40366002,7/9/15,Violations were cited in the following area(s).,02G,Cold food item held above 41_ F (smoked fish and reduced oxygen packaged foods above 38 ) except during necessary preparation.,Critical,9,A,7/9/15,6/6/16,Cycle Inspection / Initial Inspection
41622829,1/18/14,Violations were cited in the following area(s).,06E,"Sanitized equipment or utensil, including in-use food dispensing utensil, improperly used or stored.",Critical,14,B,1/18/14,6/6/16,Cycle Inspection / Re-inspection
41651652,1/9/13,Violations were cited in the following area(s).,04L,Evidence of mice or live mice present in facility's food and/or non-food areas.,Critical,42,,,6/6/16,Cycle Inspection / Initial Inspection
41497864,1/26/13,Violations were cited in the following area(s).,16B,"The original nutritional fact labels and/or ingredient label for a cooking oil, shortening or margarine or food item sold in bulk, or acceptable manufacturers documentation not maintained on site.",Not Critical,9,A,7/30/13,6/6/16,Trans Fat / Initial Inspection
41642227,9/15/14,Violations were cited in the following area(s).,08A,Facility not vermin proof. Harborage or conditions conducive to attracting vermin to the premises and/or allowing vermin to exist.,Not Critical,10,,,6/6/16,Cycle Inspection / Initial Inspection
41606966,5/9/13,Violations were cited in the following area(s).,02B,Hot food item not held at or above 140_ F.,Critical,18,A,6/13/15,6/6/16,Cycle Inspection / Initial Inspection
50015467,12/4/15,Violations were cited in the following area(s).,16A,"A food containing artificial trans fat, with 0.5 grams or more of trans fat per serving, is being stored, distributed, held for service, used in preparation of a menu item, or served.",Not Critical,17,,,6/6/16,Trans Fat / Initial Inspection
40373888,2/28/13,Violations were cited in the following area(s).,10F,"Non-food contact surface improperly constructed. Unacceptable material used. Non-food contact surface or equipment improperly maintained and/or not properly sealed, raised, spaced or movable to allow accessibility for cleaning on all sides, above and underneath the unit.",Not Critical,3,A,2/28/13,6/6/16,Cycle Inspection / Re-inspection
41542651,10/27/14,Violations were cited in the following area(s).,08A,Facility not vermin proof. Harborage or conditions conducive to attracting vermin to the premises and/or allowing vermin to exist.,Not Critical,31,A,1/13/16,6/6/16,Cycle Inspection / Initial Inspection
50015679,5/14/15,Violations were cited in the following area(s).,06C,"Food not protected from potential source of contamination during storage, preparation, transportation, display or service.",Critical,7,A,5/14/15,6/6/16,Cycle Inspection / Initial Inspection
41719663,7/26/13,Violations were cited in the following area(s).,02G,Cold food item held above 41_ F (smoked fish and reduced oxygen packaged foods above 38 ) except during necessary preparation.,Critical,15,C,7/9/14,6/6/16,Cycle Inspection / Initial Inspection
41272934,3/18/14,Violations were cited in the following area(s).,02B,Hot food item not held at or above 140_ F.,Critical,28,B,12/5/12,6/6/16,Cycle Inspection / Initial Inspection
40729796,9/15/14,Violations were cited in the following area(s).,02G,Cold food item held above 41_ F (smoked fish and reduced oxygen packaged foods above 38 ) except during necessary preparation.,Critical,31,A,5/12/16,6/6/16,Cycle Inspection / Initial Inspection
50003332,6/11/14,Violations were cited in the following area(s).,02G,Cold food item held above 41_ F (smoked fish and reduced oxygen packaged foods above 38 ) except during necessary preparation.,Critical,10,A,6/11/14,6/6/16,Cycle Inspection / Initial Inspection
40711561,4/24/15,Violations were cited in the following area(s).,08A,Facility not vermin proof. Harborage or conditions conducive to attracting vermin to the premises and/or allowing vermin to exist.,Not Critical,19,A,5/2/15,6/6/16,Cycle Inspection / Initial Inspection
50034689,6/25/15,Violations were cited in the following area(s).,08A,Facility not vermin proof. Harborage or conditions conducive to attracting vermin to the premises and/or allowing vermin to exist.,Not Critical,26,A,4/1/13,6/6/16,Cycle Inspection / Initial Inspection
41673468,9/12/13,Violations were cited in the following area(s).,04N,"Filth flies or food/refuse/sewage-associated (FRSA) flies present in facilitys food and/or non-food areas. Filth flies include house flies, little house flies, blow flies, bottle flies and flesh flies. Food/refuse/sewage-associated flies include fruit flies, drain flies and Phorid flies.",Critical,32,A,10/13/15,6/6/16,Cycle Inspection / Initial Inspection
50002445,5/5/14,Violations were cited in the following area(s).,10H,Proper sanitization not provided for utensil ware washing operation.,Not Critical,7,,,6/6/16,Pre-permit (Non-operational) / Initial Inspection
50008709,7/1/14,Violations were cited in the following area(s).,06D,"Food contact surface not properly washed, rinsed and sanitized after each use and following any activity when contamination may have occurred.",Critical,17,B,7/1/14,6/6/16,Pre-permit (Operational) / Re-inspection
41405148,11/25/13,Violations were cited in the following area(s).,08A,Facility not vermin proof. Harborage or conditions conducive to attracting vermin to the premises and/or allowing vermin to exist.,Not Critical,9,A,11/25/13,6/6/16,Cycle Inspection / Re-inspection
50016321,3/3/16,Violations were cited in the following area(s).,02B,Hot food item not held at or above 140_ F.,Critical,17,B,4/21/16,6/6/16,Cycle Inspection / Initial Inspection
50017925,2/17/15,Violations were cited in the following area(s).,02G,Cold food item held above 41_ F (smoked fish and reduced oxygen packaged foods above 38 ) except during necessary preparation.,Critical,31,B,9/12/13,6/6/16,Pre-permit (Operational) / Initial Inspection
41177009,1/29/13,Violations were cited in the following area(s).,10B,Plumbing not properly installed or maintained; anti-siphonage or backflow prevention device not provided where required; equipment or floor not properly drained; sewage disposal system in disrepair or not functioning properly.,Not Critical,22,B,1/29/13,6/6/16,Cycle Inspection / Re-inspection
41261371,3/19/15,Violations were cited in the following area(s).,02G,Cold food item held above 41_ F (smoked fish and reduced oxygen packaged foods above 38 ) except during necessary preparation.,Critical,10,A,3/19/15,6/6/16,Cycle Inspection / Initial Inspection
41357129,8/7/13,Violations were cited in the following area(s).,06A,Personal cleanliness inadequate. Outer garment soiled with possible contaminant.  Effective hair restraint not worn in an area where food is prepared.,Critical,12,A,8/7/13,6/6/16,Cycle Inspection / Initial Inspection
41083343,5/29/13,Violations were cited in the following area(s).,04L,Evidence of mice or live mice present in facility's food and/or non-food areas.,Critical,19,A,11/25/13,6/6/16,Cycle Inspection / Initial Inspection
50001064,9/30/13,Violations were cited in the following area(s).,04L,Evidence of mice or live mice present in facility's food and/or non-food areas.,Critical,15,B,9/30/13,6/6/16,Pre-permit (Operational) / Re-inspection
41626198,5/19/14,Violations were cited in the following area(s).,06A,Personal cleanliness inadequate. Outer garment soiled with possible contaminant.  Effective hair restraint not worn in an area where food is prepared.,Critical,34,C,5/19/14,6/6/16,Cycle Inspection / Re-inspection
41166868,11/9/15,Violations were cited in the following area(s).,05D,Hand washing facility not provided in or near food preparation area and toilet room. Hot and cold running water at adequate pressure to enable cleanliness of employees not provided at facility. Soap and an acceptable hand-drying device not provided.,Critical,42,,,6/6/16,Cycle Inspection / Initial Inspection
41597054,6/4/15,Violations were cited in the following area(s).,04C,Food worker does not use proper utensil to eliminate bare hand contact with food that will not receive adequate additional heat treatment.,Critical,10,A,6/4/15,6/6/16,Cycle Inspection / Re-inspection
40894333,6/12/12,Violations were cited in the following area(s).,10F,"Non-food contact surface improperly constructed. Unacceptable material used. Non-food contact surface or equipment improperly maintained and/or not properly sealed, raised, spaced or movable to allow accessibility for cleaning on all sides, above and underneath the unit.",Not Critical,13,A,6/12/12,6/6/16,Cycle Inspection / Re-inspection
50002521,6/2/15,Violations were cited in the following area(s).,06F,Wiping cloths soiled or not stored in sanitizing solution.,Critical,26,A,11/18/14,6/6/16,Cycle Inspection / Initial Inspection
40387399,8/18/15,Violations were cited in the following area(s).,06A,Personal cleanliness inadequate. Outer garment soiled with possible contaminant.  Effective hair restraint not worn in an area where food is prepared.,Critical,12,A,8/18/15,6/6/16,Cycle Inspection / Re-inspection
41350990,1/5/15,Violations were cited in the following area(s).,04L,Evidence of mice or live mice present in facility's food and/or non-food areas.,Critical,30,A,3/11/14,6/6/16,Cycle Inspection / Initial Inspection
41365614,5/5/15,Violations were cited in the following area(s).,10B,Plumbing not properly installed or maintained; anti-siphonage or backflow prevention device not provided where required; equipment or floor not properly drained; sewage disposal system in disrepair or not functioning properly.,Not Critical,28,A,6/11/15,6/6/16,Cycle Inspection / Initial Inspection
41705790,9/17/13,Violations were cited in the following area(s).,02C,Hot food item that has been cooked and refrigerated is being held for service without first being reheated to 1 65_ F or above within 2 hours.,Critical,5,A,9/26/12,6/6/16,Cycle Inspection / Initial Inspection
41438516,4/21/15,Violations were cited in the following area(s).,08A,Facility not vermin proof. Harborage or conditions conducive to attracting vermin to the premises and/or allowing vermin to exist.,Not Critical,21,,,6/6/16,Cycle Inspection / Initial Inspection
41639326,4/24/14,Violations were cited in the following area(s).,08C,Pesticide use not in accordance with label or applicable laws. Prohibited chemical used/stored. Open bait station used.,Not Critical,24,,,6/6/16,Cycle Inspection / Initial Inspection
40541829,3/5/15,Violations were cited in the following area(s).,06D,"Food contact surface not properly washed, rinsed and sanitized after each use and following any activity when contamination may have occurred.",Critical,13,A,3/5/15,6/6/16,Cycle Inspection / Initial Inspection
41257223,4/26/13,Violations were cited in the following area(s).,09C,Food contact surface not properly maintained.,Not Critical,13,A,4/26/13,6/6/16,Cycle Inspection / Re-inspection
41147516,4/19/16,Violations were cited in the following area(s).,06A,Personal cleanliness inadequate. Outer garment soiled with possible contaminant.  Effective hair restraint not worn in an area where food is prepared.,Critical,15,A,9/11/13,6/6/16,Cycle Inspection / Initial Inspection
41188631,8/28/13,Violations were cited in the following area(s).,08A,Facility not vermin proof. Harborage or conditions conducive to attracting vermin to the premises and/or allowing vermin to exist.,Not Critical,27,,,6/6/16,Cycle Inspection / Initial Inspection
40933602,6/5/14,Violations were cited in the following area(s).,06D,"Food contact surface not properly washed, rinsed and sanitized after each use and following any activity when contamination may have occurred.",Critical,22,B,6/5/14,6/6/16,Cycle Inspection / Re-inspection
40868248,10/13/15,Violations were cited in the following area(s).,06C,"Food not protected from potential source of contamination during storage, preparation, transportation, display or service.",Critical,24,B,10/13/15,6/6/16,Cycle Inspection / Re-inspection
40665730,5/7/14,Violations were cited in the following area(s).,10F,"Non-food contact surface improperly constructed. Unacceptable material used. Non-food contact surface or equipment improperly maintained and/or not properly sealed, raised, spaced or movable to allow accessibility for cleaning on all sides, above and underneath the unit.",Not Critical,9,A,5/7/14,6/6/16,Cycle Inspection / Initial Inspection
50041343,11/2/15,Violations were cited in the following area(s).,04L,Evidence of mice or live mice present in facility's food and/or non-food areas.,Critical,57,C,6/5/13,6/6/16,Pre-permit (Operational) / Initial Inspection
40987470,1/6/14,Violations were cited in the following area(s).,02B,Hot food item not held at or above 140_ F.,Critical,17,A,4/18/15,6/6/16,Cycle Inspection / Initial Inspection
50017827,7/29/15,No violations were recorded at the time of this inspection.,09C,Food contact surface not properly maintained.,Not Applicable,0,A,7/29/15,6/6/16,Cycle Inspection / Re-inspection
50001460,6/3/16,Violations were cited in the following area(s).,02H,"Food not cooled by an approved method whereby the internal product temperature is reduced from 140_ F to 70_ F or less within 2 hours, and from 70_ F to 41_ F or less within 4 additional hours.",Critical,24,A,3/27/15,6/6/16,Cycle Inspection / Initial Inspection
41599164,10/18/13,Violations were cited in the following area(s).,10D,"Mechanical or natural ventilation system not provided, improperly installed, in disrepair and/or fails to prevent excessive build-up of grease, heat, steam condensation vapors, odors, smoke, and fumes.",Not Critical,9,A,10/18/13,6/6/16,Cycle Inspection / Re-inspection
50001635,12/4/13,Violations were cited in the following area(s).,04N,"Filth flies or food/refuse/sewage-associated (FRSA) flies present in facilitys food and/or non-food areas. Filth flies include house flies, little house flies, blow flies, bottle flies and flesh flies. Food/refuse/sewage-associated flies include fruit flies, drain flies and Phorid flies.",Critical,10,A,12/4/13,6/6/16,Cycle Inspection / Initial Inspection
41101900,10/9/13,Violations were cited in the following area(s).,04N,"Filth flies or food/refuse/sewage-associated (FRSA) flies present in facilitys food and/or non-food areas. Filth flies include house flies, little house flies, blow flies, bottle flies and flesh flies. Food/refuse/sewage-associated flies include fruit flies, drain flies and Phorid flies.",Critical,10,A,10/9/13,6/6/16,Cycle Inspection / Re-inspection
41575038,6/18/13,Violations were cited in the following area(s).,04L,Evidence of mice or live mice present in facility's food and/or non-food areas.,Critical,10,A,6/18/13,6/6/16,Cycle Inspection / Re-inspection
41042200,6/27/14,Violations were cited in the following area(s).,15L,"Smoke free workplace smoking policy inadequate, not posted, not provided to employees.",Not Critical,10,A,9/15/14,6/6/16,Smoke-Free Air Act / Re-inspection
40399988,7/29/13,Violations were cited in the following area(s).,04L,Evidence of mice or live mice present in facility's food and/or non-food areas.,Critical,10,,,6/6/16,Cycle Inspection / Initial Inspection
40726044,3/19/13,Violations were cited in the following area(s).,16B,"The original nutritional fact labels and/or ingredient label for a cooking oil, shortening or margarine or food item sold in bulk, or acceptable manufacturers documentation not maintained on site.",Not Critical,12,A,4/5/16,6/6/16,Trans Fat / Initial Inspection
41164203,10/7/13,Violations were cited in the following area(s).,04M,Live roaches present in facility's food and/or non-food areas.,Critical,26,,,6/6/16,Cycle Inspection / Initial Inspection
50038383,8/13/15,Violations were cited in the following area(s).,10A,"Toilet facility not maintained and provided with toilet paper, waste receptacle and self-closing door.",Not Critical,46,A,11/19/13,6/6/16,Pre-permit (Non-operational) / Initial Inspection
40938190,4/25/13,Violations were cited in the following area(s).,04M,Live roaches present in facility's food and/or non-food areas.,Critical,13,,,6/6/16,Cycle Inspection / Initial Inspection
41067651,1/21/14,Violations were cited in the following area(s).,10F,"Non-food contact surface improperly constructed. Unacceptable material used. Non-food contact surface or equipment improperly maintained and/or not properly sealed, raised, spaced or movable to allow accessibility for cleaning on all sides, above and underneath the unit.",Not Critical,3,A,1/21/14,6/6/16,Cycle Inspection / Re-inspection
50001125,5/28/15,Violations were cited in the following area(s).,06E,"Sanitized equipment or utensil, including in-use food dispensing utensil, improperly used or stored.",Critical,21,B,5/28/15,6/6/16,Cycle Inspection / Re-inspection
41408437,3/3/14,Violations were cited in the following area(s).,10B,Plumbing not properly installed or maintained; anti-siphonage or backflow prevention device not provided where required; equipment or floor not properly drained; sewage disposal system in disrepair or not functioning properly.,Not Critical,18,B,8/26/13,6/6/16,Cycle Inspection / Initial Inspection
41545050,2/6/14,Violations were cited in the following area(s).,10F,"Non-food contact surface improperly constructed. Unacceptable material used. Non-food contact surface or equipment improperly maintained and/or not properly sealed, raised, spaced or movable to allow accessibility for cleaning on all sides, above and underneath the unit.",Not Critical,7,,,6/6/16,Cycle Inspection / Initial Inspection
41693899,7/16/15,Violations were cited in the following area(s).,08A,Facility not vermin proof. Harborage or conditions conducive to attracting vermin to the premises and/or allowing vermin to exist.,Not Critical,27,A,2/17/15,6/6/16,Cycle Inspection / Initial Inspection
50005634,11/13/14,Violations were cited in the following area(s).,02G,Cold food item held above 41_ F (smoked fish and reduced oxygen packaged foods above 38 ) except during necessary preparation.,Critical,38,C,7/10/15,6/6/16,Cycle Inspection / Initial Inspection
50037137,10/15/15,Violations were cited in the following area(s).,08A,Facility not vermin proof. Harborage or conditions conducive to attracting vermin to the premises and/or allowing vermin to exist.,Not Critical,23,A,10/1/15,6/6/16,Pre-permit (Operational) / Initial Inspection
41457654,5/11/16,Violations were cited in the following area(s).,06D,"Food contact surface not properly washed, rinsed and sanitized after each use and following any activity when contamination may have occurred.",Critical,10,A,5/11/16,6/6/16,Cycle Inspection / Initial Inspection
50003414,7/17/15,Violations were cited in the following area(s).,04M,Live roaches present in facility's food and/or non-food areas.,Critical,9,A,7/17/15,6/6/16,Cycle Inspection / Initial Inspection
40699772,3/3/16,Violations were cited in the following area(s).,20F,Current letter grade card not posted.,Not Critical,23,B,12/17/14,6/6/16,Administrative Miscellaneous / Initial Inspection
40988528,4/20/13,Violations were cited in the following area(s).,06E,"Sanitized equipment or utensil, including in-use food dispensing utensil, improperly used or stored.",Critical,12,A,4/20/13,6/6/16,Cycle Inspection / Re-inspection
41403094,3/16/16,Violations were cited in the following area(s).,04H,"Raw, cooked or prepared food is adulterated, contaminated, cross-contaminated, or not discarded in accordance with HACCP plan.",Critical,21,A,10/22/12,6/6/16,Cycle Inspection / Initial Inspection
41196542,2/11/16,Violations were cited in the following area(s).,04N,"Filth flies or food/refuse/sewage-associated (FRSA) flies present in facilitys food and/or non-food areas. Filth flies include house flies, little house flies, blow flies, bottle flies and flesh flies. Food/refuse/sewage-associated flies include fruit flies, drain flies and Phorid flies.",Critical,35,A,4/17/13,6/6/16,Cycle Inspection / Initial Inspection
41510014,8/6/14,Violations were cited in the following area(s).,04N,"Filth flies or food/refuse/sewage-associated (FRSA) flies present in facilitys food and/or non-food areas. Filth flies include house flies, little house flies, blow flies, bottle flies and flesh flies. Food/refuse/sewage-associated flies include fruit flies, drain flies and Phorid flies.",Critical,28,,,6/6/16,Cycle Inspection / Initial Inspection
41719666,6/13/13,Violations were cited in the following area(s).,10J,''''Wash hands sign not posted at hand wash facility.,Not Critical,12,A,8/28/14,6/6/16,Pre-permit (Operational) / Initial Inspection
40368338,2/11/15,Violations were cited in the following area(s).,06D,"Food contact surface not properly washed, rinsed and sanitized after each use and following any activity when contamination may have occurred.",Critical,12,A,2/11/15,6/6/16,Cycle Inspection / Initial Inspection
41335375,3/6/14,Violations were cited in the following area(s).,04L,Evidence of mice or live mice present in facility's food and/or non-food areas.,Critical,17,A,2/21/14,6/6/16,Cycle Inspection / Initial Inspection
41630060,5/13/14,Violations were cited in the following area(s).,06E,"Sanitized equipment or utensil, including in-use food dispensing utensil, improperly used or stored.",Critical,13,A,5/13/14,6/6/16,Cycle Inspection / Initial Inspection
41680924,10/27/15,Violations were cited in the following area(s).,08A,Facility not vermin proof. Harborage or conditions conducive to attracting vermin to the premises and/or allowing vermin to exist.,Not Critical,12,A,10/27/15,6/6/16,Cycle Inspection / Initial Inspection
50000408,8/14/14,Violations were cited in the following area(s).,04L,Evidence of mice or live mice present in facility's food and/or non-food areas.,Critical,19,B,8/14/14,6/6/16,Cycle Inspection / Re-inspection
41703235,10/28/14,Violations were cited in the following area(s).,10I,"Single service item reused, improperly stored, dispensed; not used when required.",Not Critical,11,A,10/28/14,6/6/16,Cycle Inspection / Initial Inspection
41679993,9/3/15,Violations were cited in the following area(s).,10B,Plumbing not properly installed or maintained; anti-siphonage or backflow prevention device not provided where required; equipment or floor not properly drained; sewage disposal system in disrepair or not functioning properly.,Not Critical,10,A,9/3/15,6/6/16,Cycle Inspection / Re-inspection
41624716,1/28/16,Violations were cited in the following area(s).,04N,"Filth flies or food/refuse/sewage-associated (FRSA) flies present in facilitys food and/or non-food areas. Filth flies include house flies, little house flies, blow flies, bottle flies and flesh flies. Food/refuse/sewage-associated flies include fruit flies, drain flies and Phorid flies.",Critical,17,B,6/19/14,6/6/16,Cycle Inspection / Initial Inspection
41304636,3/23/13,Violations were cited in the following area(s).,06D,"Food contact surface not properly washed, rinsed and sanitized after each use and following any activity when contamination may have occurred.",Critical,20,A,5/3/16,6/6/16,Cycle Inspection / Initial Inspection
50001790,6/26/14,Violations were cited in the following area(s).,04N,"Filth flies or food/refuse/sewage-associated (FRSA) flies present in facilitys food and/or non-food areas. Filth flies include house flies, little house flies, blow flies, bottle flies and flesh flies. Food/refuse/sewage-associated flies include fruit flies, drain flies and Phorid flies.",Critical,12,A,6/26/14,6/6/16,Cycle Inspection / Re-inspection
41180600,4/3/14,Violations were cited in the following area(s).,04L,Evidence of mice or live mice present in facility's food and/or non-food areas.,Critical,9,A,4/3/14,6/6/16,Cycle Inspection / Re-inspection
40376687,5/7/14,Violations were cited in the following area(s).,02B,Hot food item not held at or above 140_ F.,Critical,13,A,5/7/14,6/6/16,Cycle Inspection / Re-inspection
41042104,2/18/14,Violations were cited in the following area(s).,04L,Evidence of mice or live mice present in facility's food and/or non-food areas.,Critical,16,,,6/6/16,Cycle Inspection / Initial Inspection
40959339,9/10/13,Violations were cited in the following area(s).,08A,Facility not vermin proof. Harborage or conditions conducive to attracting vermin to the premises and/or allowing vermin to exist.,Not Critical,12,A,9/10/13,6/6/16,Cycle Inspection / Initial Inspection
40872325,9/9/13,Violations were cited in the following area(s).,04M,Live roaches present in facility's food and/or non-food areas.,Critical,27,B,9/9/13,6/6/16,Cycle Inspection / Re-inspection
40942438,5/12/16,Violations were cited in the following area(s).,06D,"Food contact surface not properly washed, rinsed and sanitized after each use and following any activity when contamination may have occurred.",Critical,7,A,5/12/16,6/6/16,Cycle Inspection / Initial Inspection
41381879,7/10/15,Violations were cited in the following area(s).,02G,Cold food item held above 41_ F (smoked fish and reduced oxygen packaged foods above 38 ) except during necessary preparation.,Critical,21,B,7/10/15,6/6/16,Cycle Inspection / Re-inspection
41534687,7/22/13,Violations were cited in the following area(s).,04A,Food Protection Certificate not held by supervisor of food operations.,Critical,17,,,6/6/16,Cycle Inspection / Initial Inspection
41313556,6/27/14,Violations were cited in the following area(s).,06D,"Food contact surface not properly washed, rinsed and sanitized after each use and following any activity when contamination may have occurred.",Critical,24,,,6/6/16,Cycle Inspection / Initial Inspection
40400039,11/13/14,Violations were cited in the following area(s).,04N,"Filth flies or food/refuse/sewage-associated (FRSA) flies present in facilitys food and/or non-food areas. Filth flies include house flies, little house flies, blow flies, bottle flies and flesh flies. Food/refuse/sewage-associated flies include fruit flies, drain flies and Phorid flies.",Critical,21,,,6/6/16,Cycle Inspection / Initial Inspection
50004900,2/27/14,Violations were cited in the following area(s).,06E,"Sanitized equipment or utensil, including in-use food dispensing utensil, improperly used or stored.",Critical,10,A,10/22/13,6/6/16,Pre-permit (Operational) / Compliance Inspection
41367828,1/8/16,Violations were cited in the following area(s).,10I,"Single service item reused, improperly stored, dispensed; not used when required.",Not Critical,11,A,1/8/16,6/6/16,Cycle Inspection / Initial Inspection
41563655,1/26/15,Violations were cited in the following area(s).,06C,"Food not protected from potential source of contamination during storage, preparation, transportation, display or service.",Critical,17,,,6/6/16,Cycle Inspection / Initial Inspection
50018322,10/31/15,Violations were cited in the following area(s).,06D,"Food contact surface not properly washed, rinsed and sanitized after each use and following any activity when contamination may have occurred.",Critical,7,A,10/31/15,6/6/16,Cycle Inspection / Re-inspection
40374088,4/13/16,Violations were cited in the following area(s).,04L,Evidence of mice or live mice present in facility's food and/or non-food areas.,Critical,14,A,5/18/16,6/6/16,Cycle Inspection / Initial Inspection
41626151,2/18/14,Violations were cited in the following area(s).,10F,"Non-food contact surface improperly constructed. Unacceptable material used. Non-food contact surface or equipment improperly maintained and/or not properly sealed, raised, spaced or movable to allow accessibility for cleaning on all sides, above and underneath the unit.",Not Critical,8,A,2/18/14,6/6/16,Cycle Inspection / Initial Inspection
41579102,6/3/13,Violations were cited in the following area(s).,06E,"Sanitized equipment or utensil, including in-use food dispensing utensil, improperly used or stored.",Critical,8,A,6/3/13,6/6/16,Cycle Inspection / Initial Inspection
50011013,5/26/15,Violations were cited in the following area(s).,04L,Evidence of mice or live mice present in facility's food and/or non-food areas.,Critical,13,A,5/26/15,6/6/16,Cycle Inspection / Re-inspection
40945123,5/27/15,Violations were cited in the following area(s).,04L,Evidence of mice or live mice present in facility's food and/or non-food areas.,Critical,12,A,5/27/15,6/6/16,Cycle Inspection / Re-inspection
41415845,11/6/13,Violations were cited in the following area(s).,02G,Cold food item held above 41_ F (smoked fish and reduced oxygen packaged foods above 38 ) except during necessary preparation.,Critical,19,B,11/6/13,6/6/16,Cycle Inspection / Re-inspection
40366356,2/19/16,Violations were cited in the following area(s).,04L,Evidence of mice or live mice present in facility's food and/or non-food areas.,Critical,13,A,2/19/16,6/6/16,Cycle Inspection / Initial Inspection
41642733,3/30/15,Violations were cited in the following area(s).,10F,"Non-food contact surface improperly constructed. Unacceptable material used. Non-food contact surface or equipment improperly maintained and/or not properly sealed, raised, spaced or movable to allow accessibility for cleaning on all sides, above and underneath the unit.",Not Critical,28,A,12/21/15,6/6/16,Cycle Inspection / Initial Inspection
41709057,3/14/13,Violations were cited in the following area(s).,02G,Cold food item held above 41_ F (smoked fish and reduced oxygen packaged foods above 38 ) except during necessary preparation.,Critical,17,,,6/6/16,Pre-permit (Operational) / Initial Inspection
41627133,2/23/13,Violations were cited in the following area(s).,09B,Thawing procedures improper.,Not Critical,7,B,9/9/13,6/6/16,Cycle Inspection / Initial Inspection
50016740,9/3/15,Violations were cited in the following area(s).,16C,"Caloric content not posted on menus, menu boards or food tags, in a food service establishment that is 1 of 15 or more outlets operating the same type of business nationally under common ownership or control, or as a franchise or doing business under the same name, for each menu item that is served in portions, the size and content of which are standardized.",Not Critical,15,,,6/6/16,Calorie Posting / Initial Inspection
41645250,2/3/15,Violations were cited in the following area(s).,10F,"Non-food contact surface improperly constructed. Unacceptable material used. Non-food contact surface or equipment improperly maintained and/or not properly sealed, raised, spaced or movable to allow accessibility for cleaning on all sides, above and underneath the unit.",Not Critical,11,A,2/3/15,6/6/16,Cycle Inspection / Initial Inspection
50014830,8/12/15,Violations were cited in the following area(s).,10F,"Non-food contact surface improperly constructed. Unacceptable material used. Non-food contact surface or equipment improperly maintained and/or not properly sealed, raised, spaced or movable to allow accessibility for cleaning on all sides, above and underneath the unit.",Not Critical,3,A,8/12/15,6/6/16,Cycle Inspection / Re-inspection
41308334,10/3/14,Violations were cited in the following area(s).,04A,Food Protection Certificate not held by supervisor of food operations.,Critical,10,A,11/13/15,6/6/16,Cycle Inspection / Initial Inspection
40922528,4/26/16,Violations were cited in the following area(s).,10F,"Non-food contact surface improperly constructed. Unacceptable material used. Non-food contact surface or equipment improperly maintained and/or not properly sealed, raised, spaced or movable to allow accessibility for cleaning on all sides, above and underneath the unit.",Not Critical,2,A,4/26/16,6/6/16,Cycle Inspection / Initial Inspection
41699493,7/8/15,Violations were cited in the following area(s).,06A,Personal cleanliness inadequate. Outer garment soiled with possible contaminant.  Effective hair restraint not worn in an area where food is prepared.,Critical,10,A,7/8/15,6/6/16,Cycle Inspection / Initial Inspection
40616509,11/22/14,Violations were cited in the following area(s).,06D,"Food contact surface not properly washed, rinsed and sanitized after each use and following any activity when contamination may have occurred.",Critical,5,A,11/22/14,6/6/16,Cycle Inspection / Re-inspection
50002299,1/7/15,Violations were cited in the following area(s).,10D,"Mechanical or natural ventilation system not provided, improperly installed, in disrepair and/or fails to prevent excessive build-up of grease, heat, steam condensation vapors, odors, smoke, and fumes.",Not Critical,19,A,2/25/16,6/6/16,Cycle Inspection / Initial Inspection
40398045,8/26/15,Violations were cited in the following area(s).,02B,Hot food item not held at or above 140_ F.,Critical,11,A,8/26/15,6/6/16,Cycle Inspection / Re-inspection
41692410,7/29/13,Violations were cited in the following area(s).,06F,Wiping cloths soiled or not stored in sanitizing solution.,Critical,41,A,4/15/15,6/6/16,Cycle Inspection / Initial Inspection
50001773,1/21/16,Violations were cited in the following area(s).,06C,"Food not protected from potential source of contamination during storage, preparation, transportation, display or service.",Critical,24,A,4/28/16,6/6/16,Cycle Inspection / Initial Inspection
40848604,8/6/14,Violations were cited in the following area(s).,04L,Evidence of mice or live mice present in facility's food and/or non-food areas.,Critical,13,A,8/6/14,6/6/16,Cycle Inspection / Initial Inspection
50009544,8/21/15,Violations were cited in the following area(s).,06E,"Sanitized equipment or utensil, including in-use food dispensing utensil, improperly used or stored.",Critical,12,A,8/21/15,6/6/16,Cycle Inspection / Initial Inspection
41675435,9/10/14,Establishment re-opened by DOHMH,10F,"Non-food contact surface improperly constructed. Unacceptable material used. Non-food contact surface or equipment improperly maintained and/or not properly sealed, raised, spaced or movable to allow accessibility for cleaning on all sides, above and underneath the unit.",Not Critical,4,C,9/10/14,6/6/16,Cycle Inspection / Reopening Inspection
41233172,2/24/16,Violations were cited in the following area(s).,06C,"Food not protected from potential source of contamination during storage, preparation, transportation, display or service.",Critical,19,,,6/6/16,Cycle Inspection / Initial Inspection
40832818,6/24/13,Violations were cited in the following area(s).,06D,"Food contact surface not properly washed, rinsed and sanitized after each use and following any activity when contamination may have occurred.",Critical,5,A,6/24/13,6/6/16,Cycle Inspection / Initial Inspection
41626438,9/5/14,Violations were cited in the following area(s).,06D,"Food contact surface not properly washed, rinsed and sanitized after each use and following any activity when contamination may have occurred.",Critical,40,A,1/15/15,6/6/16,Cycle Inspection / Initial Inspection
40424780,5/15/15,Violations were cited in the following area(s).,02H,"Food not cooled by an approved method whereby the internal product temperature is reduced from 140_ F to 70_ F or less within 2 hours, and from 70_ F to 41_ F or less within 4 additional hours.",Critical,30,A,8/19/15,6/6/16,Cycle Inspection / Initial Inspection
41707009,2/20/13,Violations were cited in the following area(s).,06F,Wiping cloths soiled or not stored in sanitizing solution.,Critical,17,,,6/6/16,Pre-permit (Operational) / Initial Inspection
50001610,10/23/14,Violations were cited in the following area(s).,06E,"Sanitized equipment or utensil, including in-use food dispensing utensil, improperly used or stored.",Critical,7,A,10/23/14,6/6/16,Cycle Inspection / Initial Inspection
41707906,2/27/13,Violations were cited in the following area(s).,04L,Evidence of mice or live mice present in facility's food and/or non-food areas.,Critical,12,A,2/27/13,6/6/16,Pre-permit (Operational) / Re-inspection
41629651,9/28/15,Violations were cited in the following area(s).,10B,Plumbing not properly installed or maintained; anti-siphonage or backflow prevention device not provided where required; equipment or floor not properly drained; sewage disposal system in disrepair or not functioning properly.,Not Critical,45,A,2/13/13,6/6/16,Cycle Inspection / Initial Inspection
41411542,6/12/15,Violations were cited in the following area(s).,06A,Personal cleanliness inadequate. Outer garment soiled with possible contaminant.  Effective hair restraint not worn in an area where food is prepared.,Critical,9,A,6/12/15,6/6/16,Cycle Inspection / Re-inspection
50012822,3/22/16,Violations were cited in the following area(s).,10H,Proper sanitization not provided for utensil ware washing operation.,Not Critical,28,B,2/4/16,6/6/16,Cycle Inspection / Initial Inspection
41627762,6/1/16,Violations were cited in the following area(s).,06D,"Food contact surface not properly washed, rinsed and sanitized after each use and following any activity when contamination may have occurred.",Critical,11,A,6/1/16,6/6/16,Cycle Inspection / Initial Inspection
41319405,4/30/16,Violations were cited in the following area(s).,04H,"Raw, cooked or prepared food is adulterated, contaminated, cross-contaminated, or not discarded in accordance with HACCP plan.",Critical,18,A,10/28/15,6/6/16,Cycle Inspection / Initial Inspection
50042460,10/19/15,Violations were cited in the following area(s).,08A,Facility not vermin proof. Harborage or conditions conducive to attracting vermin to the premises and/or allowing vermin to exist.,Not Critical,33,A,12/27/12,6/6/16,Pre-permit (Operational) / Initial Inspection
41562538,12/22/14,Violations were cited in the following area(s).,10F,"Non-food contact surface improperly constructed. Unacceptable material used. Non-food contact surface or equipment improperly maintained and/or not properly sealed, raised, spaced or movable to allow accessibility for cleaning on all sides, above and underneath the unit.",Not Critical,22,A,7/5/13,6/6/16,Cycle Inspection / Initial Inspection
50005523,2/20/15,Violations were cited in the following area(s).,06C,"Food not protected from potential source of contamination during storage, preparation, transportation, display or service.",Critical,12,A,2/20/15,6/6/16,Cycle Inspection / Re-inspection
41687904,2/6/14,Violations were cited in the following area(s).,04C,Food worker does not use proper utensil to eliminate bare hand contact with food that will not receive adequate additional heat treatment.,Critical,18,B,2/3/16,6/6/16,Cycle Inspection / Initial Inspection
41561572,9/11/15,Violations were cited in the following area(s).,04N,"Filth flies or food/refuse/sewage-associated (FRSA) flies present in facilitys food and/or non-food areas. Filth flies include house flies, little house flies, blow flies, bottle flies and flesh flies. Food/refuse/sewage-associated flies include fruit flies, drain flies and Phorid flies.",Critical,10,A,9/11/15,6/6/16,Cycle Inspection / Initial Inspection
41566492,3/29/14,Violations were cited in the following area(s).,10F,"Non-food contact surface improperly constructed. Unacceptable material used. Non-food contact surface or equipment improperly maintained and/or not properly sealed, raised, spaced or movable to allow accessibility for cleaning on all sides, above and underneath the unit.",Not Critical,12,A,11/8/13,6/6/16,Cycle Inspection / Initial Inspection
41356229,6/5/13,Violations were cited in the following area(s).,04L,Evidence of mice or live mice present in facility's food and/or non-food areas.,Critical,19,,,6/6/16,Cycle Inspection / Initial Inspection
41624867,10/5/13,Violations were cited in the following area(s).,04L,Evidence of mice or live mice present in facility's food and/or non-food areas.,Critical,10,A,10/5/13,6/6/16,Cycle Inspection / Re-inspection
50010356,8/15/14,Violations were cited in the following area(s).,22A,"Nuisance created or allowed to exist. Facility not free from unsafe, hazardous, offensive or annoying conditions.",Not Critical,9,A,2/4/15,6/6/16,Administrative Miscellaneous / Initial Inspection
41543887,4/13/16,Violations were cited in the following area(s).,04L,Evidence of mice or live mice present in facility's food and/or non-food areas.,Critical,23,B,5/14/15,6/6/16,Cycle Inspection / Initial Inspection
40871070,1/4/14,Violations were cited in the following area(s).,10H,Proper sanitization not provided for utensil ware washing operation.,Not Critical,32,C,1/4/14,6/6/16,Cycle Inspection / Re-inspection
41459659,8/10/15,Violations were cited in the following area(s).,04M,Live roaches present in facility's food and/or non-food areas.,Critical,34,A,3/16/15,6/6/16,Cycle Inspection / Initial Inspection
41662825,2/26/16,Violations were cited in the following area(s).,06E,"Sanitized equipment or utensil, including in-use food dispensing utensil, improperly used or stored.",Critical,20,B,4/26/13,6/6/16,Cycle Inspection / Initial Inspection
41050702,10/4/13,Violations were cited in the following area(s).,04M,Live roaches present in facility's food and/or non-food areas.,Critical,6,A,10/4/13,6/6/16,Cycle Inspection / Re-inspection
50009480,5/18/16,Violations were cited in the following area(s).,02G,Cold food item held above 41_ F (smoked fish and reduced oxygen packaged foods above 38 ) except during necessary preparation.,Critical,12,A,5/18/16,6/6/16,Cycle Inspection / Initial Inspection
41441196,2/11/16,Violations were cited in the following area(s).,04L,Evidence of mice or live mice present in facility's food and/or non-food areas.,Critical,16,A,6/7/13,6/6/16,Cycle Inspection / Initial Inspection
41100403,10/7/15,Violations were cited in the following area(s).,04N,"Filth flies or food/refuse/sewage-associated (FRSA) flies present in facilitys food and/or non-food areas. Filth flies include house flies, little house flies, blow flies, bottle flies and flesh flies. Food/refuse/sewage-associated flies include fruit flies, drain flies and Phorid flies.",Critical,10,A,7/25/13,6/6/16,Cycle Inspection / Initial Inspection
41647937,2/3/15,Violations were cited in the following area(s).,16B,"The original nutritional fact labels and/or ingredient label for a cooking oil, shortening or margarine or food item sold in bulk, or acceptable manufacturers documentation not maintained on site.",Not Critical,10,A,6/26/14,6/6/16,Trans Fat / Re-inspection
41647827,8/8/15,Violations were cited in the following area(s).,22G,Plumbing not properly installed or maintained; anti-siphonage or backflow prevention device not provided where required; equipment or floor not properly drained; sewage disposal system in disrepair or not functioning properly.,Not Applicable,8,A,8/8/15,6/6/16,Cycle Inspection / Re-inspection
41549472,11/12/15,Violations were cited in the following area(s).,04N,"Filth flies or food/refuse/sewage-associated (FRSA) flies present in facilitys food and/or non-food areas. Filth flies include house flies, little house flies, blow flies, bottle flies and flesh flies. Food/refuse/sewage-associated flies include fruit flies, drain flies and Phorid flies.",Critical,10,A,11/12/15,6/6/16,Cycle Inspection / Re-inspection
50037042,6/30/15,Violations were cited in the following area(s).,20D,"Choking first aid poster not posted. Alcohol and pregnancy warning sign not posted. Resuscitation equipment: exhaled air resuscitation masks (adult & pediatric), latex gloves, sign not posted. Inspection report sign not posted.",Not Critical,28,C,4/10/14,6/6/16,Administrative Miscellaneous / Initial Inspection
41615280,1/29/13,Violations were cited in the following area(s).,02B,Hot food item not held at or above 140_ F.,Critical,7,A,6/12/14,6/6/16,Cycle Inspection / Initial Inspection
40812483,12/10/14,Violations were cited in the following area(s).,02B,Hot food item not held at or above 140_ F.,Critical,12,A,12/10/14,6/6/16,Cycle Inspection / Re-inspection
50018771,2/4/16,Violations were cited in the following area(s).,18C,"Notice of the Department of Board of Health mutilated, obstructed, or removed.",Not Critical,9,A,10/5/15,6/6/16,Administrative Miscellaneous / Initial Inspection
50003400,10/21/14,Violations were cited in the following area(s).,02G,Cold food item held above 41_ F (smoked fish and reduced oxygen packaged foods above 38 ) except during necessary preparation.,Critical,15,B,12/23/13,6/6/16,Cycle Inspection / Initial Inspection
40760778,3/5/14,Violations were cited in the following area(s).,04L,Evidence of mice or live mice present in facility's food and/or non-food areas.,Critical,9,A,3/5/14,6/6/16,Cycle Inspection / Re-inspection
41320205,5/15/15,Violations were cited in the following area(s).,08A,Facility not vermin proof. Harborage or conditions conducive to attracting vermin to the premises and/or allowing vermin to exist.,Not Critical,33,A,6/28/13,6/6/16,Cycle Inspection / Initial Inspection
50010540,11/24/15,Violations were cited in the following area(s).,08A,Facility not vermin proof. Harborage or conditions conducive to attracting vermin to the premises and/or allowing vermin to exist.,Not Critical,25,,,6/6/16,Cycle Inspection / Initial Inspection
40719325,5/29/14,Violations were cited in the following area(s).,10F,"Non-food contact surface improperly constructed. Unacceptable material used. Non-food contact surface or equipment improperly maintained and/or not properly sealed, raised, spaced or movable to allow accessibility for cleaning on all sides, above and underneath the unit.",Not Critical,2,A,5/29/14,6/6/16,Cycle Inspection / Initial Inspection
41696753,1/22/15,Violations were cited in the following area(s).,08A,Facility not vermin proof. Harborage or conditions conducive to attracting vermin to the premises and/or allowing vermin to exist.,Not Critical,32,,,6/6/16,Cycle Inspection / Initial Inspection
50015958,1/6/16,Violations were cited in the following area(s).,06C,"Food not protected from potential source of contamination during storage, preparation, transportation, display or service.",Critical,17,B,1/8/15,6/6/16,Cycle Inspection / Initial Inspection
41136253,6/23/14,Violations were cited in the following area(s).,08A,Facility not vermin proof. Harborage or conditions conducive to attracting vermin to the premises and/or allowing vermin to exist.,Not Critical,10,A,6/23/14,6/6/16,Cycle Inspection / Re-inspection
50008850,7/14/14,Violations were cited in the following area(s).,10A,"Toilet facility not maintained and provided with toilet paper, waste receptacle and self-closing door.",Not Critical,8,A,12/30/13,6/6/16,Pre-permit (Operational) / Initial Inspection
41582797,9/11/13,Violations were cited in the following area(s).,02G,Cold food item held above 41_ F (smoked fish and reduced oxygen packaged foods above 38 ) except during necessary preparation.,Critical,47,,,6/6/16,Cycle Inspection / Initial Inspection
40919027,10/29/14,Violations were cited in the following area(s).,02G,Cold food item held above 41_ F (smoked fish and reduced oxygen packaged foods above 38 ) except during necessary preparation.,Critical,7,A,10/29/14,6/6/16,Cycle Inspection / Initial Inspection
41104587,5/26/16,Violations were cited in the following area(s).,09C,Food contact surface not properly maintained.,Not Critical,10,A,5/26/16,6/6/16,Cycle Inspection / Initial Inspection
